0	0	-2.026995	0.026995
0	1	-1.965588	0.006528
0	2	-1.844040	0.006125
0	3	-1.646997	0.005470
0	4	-1.382526	0.004592
0	5	-1.061453	0.003525
0	6	-0.696925	0.002315
0	7	-0.303865	0.001009
0	8	0.101636	0.000338
0	9	0.502976	0.001671
0	10	0.883723	0.002935
0	11	1.228292	0.004080
0	12	1.522573	0.005057
0	13	1.754521	0.005827
0	14	1.914638	0.006359
0	15	1.996369	0.006631
0	16	1.996369	0.006631
0	17	1.914638	0.006359
0	18	1.754521	0.005827
0	19	1.522573	0.005057
0	20	1.228292	0.004080
0	21	0.883723	0.002935
0	22	0.502976	0.001671
0	23	0.101636	0.000338
0	24	-0.303865	0.001009
0	25	-0.696925	0.002315
0	26	-1.061453	0.003525
0	27	-1.382526	0.004592
0	28	-1.646997	0.005470
0	29	-1.844040	0.006125
0	30	-1.985086	0.026026

1	0	-1.965588	0.006528
1	1	-1.905846	0.013112
1	2	-1.787992	0.012301
1	3	-1.596938	0.010986
1	4	-1.340505	0.009222
1	5	-1.029192	0.007081
1	6	-0.675743	0.004649
1	7	-0.294629	0.002027
1	8	0.098547	0.000678
1	9	0.487688	0.003355
1	10	0.856864	0.005895
1	11	1.190959	0.008193
1	12	1.476296	0.010156
1	13	1.701194	0.011704
1	14	1.856444	0.012772
1	15	1.935692	0.013317
1	16	1.935692	0.013317
1	17	1.856444	0.012772
1	18	1.701194	0.011704
1	19	1.476296	0.010156
1	20	1.190959	0.008193
1	21	0.856864	0.005895
1	22	0.487688	0.003355
1	23	0.098547	0.000678
1	24	-0.294629	0.002027
1	25	-0.675743	0.004649
1	26	-1.029192	0.007081
1	27	-1.340505	0.009222
1	28	-1.596938	0.010986
1	29	-1.787992	0.012301
1	30	-1.924945	0.005987

2	0	-1.844040	0.006125
2	1	-1.787992	0.012301
2	2	-1.677427	0.011540
2	3	-1.498187	0.010307
2	4	-1.257611	0.008652
2	5	-0.965549	0.006643
2	6	-0.633956	0.004361
2	7	-0.276410	0.001902
2	8	0.092453	0.000636
2	9	0.457531	0.003148
2	10	0.803877	0.005530
2	11	1.117312	0.007687
2	12	1.385005	0.009528
2	13	1.595995	0.010980
2	14	1.741645	0.011982
2	15	1.815992	0.012494
2	16	1.815992	0.012494
2	17	1.741645	0.011982
2	18	1.595995	0.010980
2	19	1.385005	0.009528
2	20	1.117312	0.007687
2	21	0.803877	0.005530
2	22	0.457531	0.003148
2	23	0.092453	0.000636
2	24	-0.276410	0.001902
2	25	-0.633956	0.004361
2	26	-0.965549	0.006643
2	27	-1.257611	0.008652
2	28	-1.498187	0.010307
2	29	-1.677427	0.011540
2	30	-1.805910	0.005617

3	0	-1.646997	0.005470
3	1	-1.596938	0.010986
3	2	-1.498187	0.010307
3	3	-1.338100	0.009206
3	4	-1.123230	0.007728
3	5	-0.862376	0.005933
3	6	-0.566216	0.003895
3	7	-0.246874	0.001698
3	8	0.082574	0.000568
3	9	0.408642	0.002811
3	10	0.717979	0.004939
3	11	0.997923	0.006865
3	12	1.237012	0.008510
3	13	1.425457	0.009807
3	14	1.555544	0.010702
3	15	1.621946	0.011159
3	16	1.621946	0.011159
3	17	1.555544	0.010702
3	18	1.425457	0.009807
3	19	1.237012	0.008510
3	20	0.997923	0.006865
3	21	0.717979	0.004939
3	22	0.408642	0.002811
3	23	0.082574	0.000568
3	24	-0.246874	0.001698
3	25	-0.566216	0.003895
3	26	-0.862376	0.005933
3	27	-1.123230	0.007728
3	28	-1.338100	0.009206
3	29	-1.498187	0.010307
3	30	-1.612941	0.005017

4	0	-1.382526	0.004592
4	1	-1.340505	0.009222
4	2	-1.257611	0.008652
4	3	-1.123230	0.007728
4	4	-0.942864	0.006487
4	5	-0.723897	0.004980
4	6	-0.475294	0.003270
4	7	-0.207232	0.001426
4	8	0.069314	0.000477
4	9	0.343023	0.002360
4	10	0.602688	0.004146
4	11	0.837679	0.005763
4	12	1.038375	0.007144
4	13	1.196560	0.008232
4	14	1.305758	0.008983
4	15	1.361497	0.009367
4	16	1.361497	0.009367
4	17	1.305758	0.008983
4	18	1.196560	0.008232
4	19	1.038375	0.007144
4	20	0.837679	0.005763
4	21	0.602688	0.004146
4	22	0.343023	0.002360
4	23	0.069314	0.000477
4	24	-0.207232	0.001426
4	25	-0.475294	0.003270
4	26	-0.723897	0.004980
4	27	-0.942864	0.006487
4	28	-1.123230	0.007728
4	29	-1.257611	0.008652
4	30	-1.353939	0.004211

5	0	-1.061453	0.003525
5	1	-1.029192	0.007081
5	2	-0.965549	0.006643
5	3	-0.862376	0.005933
5	4	-0.723897	0.004980
5	5	-0.555782	0.003824
5	6	-0.364913	0.002511
5	7	-0.159105	0.001095
5	8	0.053217	0.000366
5	9	0.263360	0.001812
5	10	0.462722	0.003183
5	11	0.643139	0.004425
5	12	0.797227	0.005485
5	13	0.918676	0.006320
5	14	1.002514	0.006897
5	15	1.045309	0.007191
5	16	1.045309	0.007191
5	17	1.002514	0.006897
5	18	0.918676	0.006320
5	19	0.797227	0.005485
5	20	0.643139	0.004425
5	21	0.462722	0.003183
5	22	0.263360	0.001812
5	23	0.053217	0.000366
5	24	-0.159105	0.001095
5	25	-0.364913	0.002511
5	26	-0.555782	0.003824
5	27	-0.723897	0.004980
5	28	-0.862376	0.005933
5	29	-0.965549	0.006643
5	30	-1.039505	0.003233

6	0	-0.696925	0.002315
6	1	-0.675743	0.004649
6	2	-0.633956	0.004361
6	3	-0.566216	0.003895
6	4	-0.475294	0.003270
6	5	-0.364913	0.002511
6	6	-0.239594	0.001648
6	7	-0.104465	0.000719
6	8	0.034941	0.000240
6	9	0.172916	0.001190
6	10	0.303812	0.002090
6	11	0.422270	0.002905
6	12	0.523440	0.003601
6	13	0.603181	0.004150
6	14	0.658227	0.004528
6	15	0.686325	0.004722
6	16	0.686325	0.004722
6	17	0.658227	0.004528
6	18	0.603181	0.004150
6	19	0.523440	0.003601
6	20	0.422270	0.002905
6	21	0.303812	0.002090
6	22	0.172916	0.001190
6	23	0.034941	0.000240
6	24	-0.104465	0.000719
6	25	-0.239594	0.001648
6	26	-0.364913	0.002511
6	27	-0.475294	0.003270
6	28	-0.566216	0.003895
6	29	-0.633956	0.004361
6	30	-0.682515	0.002123

7	0	-0.303865	0.001009
7	1	-0.294629	0.002027
7	2	-0.276410	0.001902
7	3	-0.246874	0.001698
7	4	-0.207232	0.001426
7	5	-0.159105	0.001095
7	6	-0.104465	0.000719
7	7	-0.045547	0.000313
7	8	0.015235	0.000105
7	9	0.075393	0.000519
7	10	0.132464	0.000911
7	11	0.184113	0.001267
7	12	0.228224	0.001570
7	13	0.262991	0.001809
7	14	0.286992	0.001974
7	15	0.299243	0.002059
7	16	0.299243	0.002059
7	17	0.286992	0.001974
7	18	0.262991	0.001809
7	19	0.228224	0.001570
7	20	0.184113	0.001267
7	21	0.132464	0.000911
7	22	0.075393	0.000519
7	23	0.015235	0.000105
7	24	-0.045547	0.000313
7	25	-0.104465	0.000719
7	26	-0.159105	0.001095
7	27	-0.207232	0.001426
7	28	-0.246874	0.001698
7	29	-0.276410	0.001902
7	30	-0.297582	0.000926

8	0	0.101636	0.000338
8	1	0.098547	0.000678
8	2	0.092453	0.000636
8	3	0.082574	0.000568
8	4	0.069314	0.000477
8	5	0.053217	0.000366
8	6	0.034941	0.000240
8	7	0.015235	0.000105
8	8	-0.005096	0.000035
8	9	-0.025217	0.000173
8	10	-0.044306	0.000305
8	11	-0.061582	0.000424
8	12	-0.076336	0.000525
8	13	-0.087965	0.000605
8	14	-0.095992	0.000660
8	15	-0.100090	0.000689
8	16	-0.100090	0.000689
8	17	-0.095992	0.000660
8	18	-0.087965	0.000605
8	19	-0.076336	0.000525
8	20	-0.061582	0.000424
8	21	-0.044306	0.000305
8	22	-0.025217	0.000173
8	23	-0.005096	0.000035
8	24	0.015235	0.000105
8	25	0.034941	0.000240
8	26	0.053217	0.000366
8	27	0.069314	0.000477
8	28	0.082574	0.000568
8	29	0.092453	0.000636
8	30	0.099534	0.000310

9	0	0.502976	0.001671
9	1	0.487688	0.003355
9	2	0.457531	0.003148
9	3	0.408642	0.002811
9	4	0.343023	0.002360
9	5	0.263360	0.001812
9	6	0.172916	0.001190
9	7	0.075393	0.000519
9	8	-0.025217	0.000173
9	9	-0.124795	0.000859
9	10	-0.219263	0.001508
9	11	-0.304755	0.002097
9	12	-0.377770	0.002599
9	13	-0.435320	0.002995
9	14	-0.475047	0.003268
9	15	-0.495325	0.003408
9	16	-0.495325	0.003408
9	17	-0.475047	0.003268
9	18	-0.435320	0.002995
9	19	-0.377770	0.002599
9	20	-0.304755	0.002097
9	21	-0.219263	0.001508
9	22	-0.124795	0.000859
9	23	-0.025217	0.000173
9	24	0.075393	0.000519
9	25	0.172916	0.001190
9	26	0.263360	0.001812
9	27	0.343023	0.002360
9	28	0.408642	0.002811
9	29	0.457531	0.003148
9	30	0.492575	0.001532

10	0	0.883723	0.002935
10	1	0.856864	0.005895
10	2	0.803877	0.005530
10	3	0.717979	0.004939
10	4	0.602688	0.004146
10	5	0.462722	0.003183
10	6	0.303812	0.002090
10	7	0.132464	0.000911
10	8	-0.044306	0.000305
10	9	-0.219263	0.001508
10	10	-0.385244	0.002650
10	11	-0.535452	0.003684
10	12	-0.663739	0.004566
10	13	-0.764852	0.005262
10	14	-0.834653	0.005742
10	15	-0.870282	0.005987
10	16	-0.870282	0.005987
10	17	-0.834653	0.005742
10	18	-0.764852	0.005262
10	19	-0.663739	0.004566
10	20	-0.535452	0.003684
10	21	-0.385244	0.002650
10	22	-0.219263	0.001508
10	23	-0.044306	0.000305
10	24	0.132464	0.000911
10	25	0.303812	0.002090
10	26	0.462722	0.003183
10	27	0.602688	0.004146
10	28	0.717979	0.004939
10	29	0.803877	0.005530
10	30	0.865450	0.002692

11	0	1.228292	0.004080
11	1	1.190959	0.008193
11	2	1.117312	0.007687
11	3	0.997923	0.006865
11	4	0.837679	0.005763
11	5	0.643139	0.004425
11	6	0.422270	0.002905
11	7	0.184113	0.001267
11	8	-0.061582	0.000424
11	9	-0.304755	0.002097
11	10	-0.535452	0.003684
11	11	-0.744227	0.005120
11	12	-0.922534	0.006347
11	13	-1.063072	0.007314
11	14	-1.160088	0.007981
11	15	-1.209609	0.008322
11	16	-1.209609	0.008322
11	17	-1.160088	0.007981
11	18	-1.063072	0.007314
11	19	-0.922534	0.006347
11	20	-0.744227	0.005120
11	21	-0.535452	0.003684
11	22	-0.304755	0.002097
11	23	-0.061582	0.000424
11	24	0.184113	0.001267
11	25	0.422270	0.002905
11	26	0.643139	0.004425
11	27	0.837679	0.005763
11	28	0.997923	0.006865
11	29	1.117312	0.007687
11	30	1.202894	0.003741

12	0	1.522573	0.005057
12	1	1.476296	0.010156
12	2	1.385005	0.009528
12	3	1.237012	0.008510
12	4	1.038375	0.007144
12	5	0.797227	0.005485
12	6	0.523440	0.003601
12	7	0.228224	0.001570
12	8	-0.076336	0.000525
12	9	-0.377770	0.002599
12	10	-0.663739	0.004566
12	11	-0.922534	0.006347
12	12	-1.143560	0.007867
12	13	-1.317769	0.009066
12	14	-1.438029	0.009893
12	15	-1.499415	0.010316
12	16	-1.499415	0.010316
12	17	-1.438029	0.009893
12	18	-1.317769	0.009066
12	19	-1.143560	0.007867
12	20	-0.922534	0.006347
12	21	-0.663739	0.004566
12	22	-0.377770	0.002599
12	23	-0.076336	0.000525
12	24	0.228224	0.001570
12	25	0.523440	0.003601
12	26	0.797227	0.005485
12	27	1.038375	0.007144
12	28	1.237012	0.008510
12	29	1.385005	0.009528
12	30	1.491090	0.004638

13	0	1.754521	0.005827
13	1	1.701194	0.011704
13	2	1.595995	0.010980
13	3	1.425457	0.009807
13	4	1.196560	0.008232
13	5	0.918676	0.006320
13	6	0.603181	0.004150
13	7	0.262991	0.001809
13	8	-0.087965	0.000605
13	9	-0.435320	0.002995
13	10	-0.764852	0.005262
13	11	-1.063072	0.007314
13	12	-1.317769	0.009066
13	13	-1.518517	0.010447
13	14	-1.657097	0.011400
13	15	-1.727834	0.011887
13	16	-1.727834	0.011887
13	17	-1.657097	0.011400
13	18	-1.518517	0.010447
13	19	-1.317769	0.009066
13	20	-1.063072	0.007314
13	21	-0.764852	0.005262
13	22	-0.435320	0.002995
13	23	-0.087965	0.000605
13	24	0.262991	0.001809
13	25	0.603181	0.004150
13	26	0.918676	0.006320
13	27	1.196560	0.008232
13	28	1.425457	0.009807
13	29	1.595995	0.010980
13	30	1.718242	0.005344

14	0	1.914638	0.006359
14	1	1.856444	0.012772
14	2	1.741645	0.011982
14	3	1.555544	0.010702
14	4	1.305758	0.008983
14	5	1.002514	0.006897
14	6	0.658227	0.004528
14	7	0.286992	0.001974
14	8	-0.095992	0.000660
14	9	-0.475047	0.003268
14	10	-0.834653	0.005742
14	11	-1.160088	0.007981
14	12	-1.438029	0.009893
14	13	-1.657097	0.011400
14	14	-1.808323	0.012441
14	15	-1.885516	0.012972
14	16	-1.885516	0.012972
14	17	-1.808323	0.012441
14	18	-1.657097	0.011400
14	19	-1.438029	0.009893
14	20	-1.160088	0.007981
14	21	-0.834653	0.005742
14	22	-0.475047	0.003268
14	23	-0.095992	0.000660
14	24	0.286992	0.001974
14	25	0.658227	0.004528
14	26	1.002514	0.006897
14	27	1.305758	0.008983
14	28	1.555544	0.010702
14	29	1.741645	0.011982
14	30	1.875048	0.005832

15	0	1.996369	0.006631
15	1	1.935692	0.013317
15	2	1.815992	0.012494
15	3	1.621946	0.011159
15	4	1.361497	0.009367
15	5	1.045309	0.007191
15	6	0.686325	0.004722
15	7	0.299243	0.002059
15	8	-0.100090	0.000689
15	9	-0.495325	0.003408
15	10	-0.870282	0.005987
15	11	-1.209609	0.008322
15	12	-1.499415	0.010316
15	13	-1.727834	0.011887
15	14	-1.885516	0.012972
15	15	-1.966004	0.013526
15	16	-1.966004	0.013526
15	17	-1.885516	0.012972
15	18	-1.727834	0.011887
15	19	-1.499415	0.010316
15	20	-1.209609	0.008322
15	21	-0.870282	0.005987
15	22	-0.495325	0.003408
15	23	-0.100090	0.000689
15	24	0.299243	0.002059
15	25	0.686325	0.004722
15	26	1.045309	0.007191
15	27	1.361497	0.009367
15	28	1.621946	0.011159
15	29	1.815992	0.012494
15	30	1.955089	0.006081

16	0	1.996369	0.006631
16	1	1.935692	0.013317
16	2	1.815992	0.012494
16	3	1.621946	0.011159
16	4	1.361497	0.009367
16	5	1.045309	0.007191
16	6	0.686325	0.004722
16	7	0.299243	0.002059
16	8	-0.100090	0.000689
16	9	-0.495325	0.003408
16	10	-0.870282	0.005987
16	11	-1.209609	0.008322
16	12	-1.499415	0.010316
16	13	-1.727834	0.011887
16	14	-1.885516	0.012972
16	15	-1.966004	0.013526
16	16	-1.966004	0.013526
16	17	-1.885516	0.012972
16	18	-1.727834	0.011887
16	19	-1.499415	0.010316
16	20	-1.209609	0.008322
16	21	-0.870282	0.005987
16	22	-0.495325	0.003408
16	23	-0.100090	0.000689
16	24	0.299243	0.002059
16	25	0.686325	0.004722
16	26	1.045309	0.007191
16	27	1.361497	0.009367
16	28	1.621946	0.011159
16	29	1.815992	0.012494
16	30	1.955089	0.006081

17	0	1.914638	0.006359
17	1	1.856444	0.012772
17	2	1.741645	0.011982
17	3	1.555544	0.010702
17	4	1.305758	0.008983
17	5	1.002514	0.006897
17	6	0.658227	0.004528
17	7	0.286992	0.001974
17	8	-0.095992	0.000660
17	9	-0.475047	0.003268
17	10	-0.834653	0.005742
17	11	-1.160088	0.007981
17	12	-1.438029	0.009893
17	13	-1.657097	0.011400
17	14	-1.808323	0.012441
17	15	-1.885516	0.012972
17	16	-1.885516	0.012972
17	17	-1.808323	0.012441
17	18	-1.657097	0.011400
17	19	-1.438029	0.009893
17	20	-1.160088	0.007981
17	21	-0.834653	0.005742
17	22	-0.475047	0.003268
17	23	-0.095992	0.000660
17	24	0.286992	0.001974
17	25	0.658227	0.004528
17	26	1.002514	0.006897
17	27	1.305758	0.008983
17	28	1.555544	0.010702
17	29	1.741645	0.011982
17	30	1.875048	0.005832

18	0	1.754521	0.005827
18	1	1.701194	0.011704
18	2	1.595995	0.010980
18	3	1.425457	0.009807
18	4	1.196560	0.008232
18	5	0.918676	0.006320
18	6	0.603181	0.004150
18	7	0.262991	0.001809
18	8	-0.087965	0.000605
18	9	-0.435320	0.002995
18	10	-0.764852	0.005262
18	11	-1.063072	0.007314
18	12	-1.317769	0.009066
18	13	-1.518517	0.010447
18	14	-1.657097	0.011400
18	15	-1.727834	0.011887
18	16	-1.727834	0.011887
18	17	-1.657097	0.011400
18	18	-1.518517	0.010447
18	19	-1.317769	0.009066
18	20	-1.063072	0.007314
18	21	-0.764852	0.005262
18	22	-0.435320	0.002995
18	23	-0.087965	0.000605
18	24	0.262991	0.001809
18	25	0.603181	0.004150
18	26	0.918676	0.006320
18	27	1.196560	0.008232
18	28	1.425457	0.009807
18	29	1.595995	0.010980
18	30	1.718242	0.005344

19	0	1.522573	0.005057
19	1	1.476296	0.010156
19	2	1.385005	0.009528
19	3	1.237012	0.008510
19	4	1.038375	0.007144
19	5	0.797227	0.005485
19	6	0.523440	0.003601
19	7	0.228224	0.001570
19	8	-0.076336	0.000525
19	9	-0.377770	0.002599
19	10	-0.663739	0.004566
19	11	-0.922534	0.006347
19	12	-1.143560	0.007867
19	13	-1.317769	0.009066
19	14	-1.438029	0.009893
19	15	-1.499415	0.010316
19	16	-1.499415	0.010316
19	17	-1.438029	0.009893
19	18	-1.317769	0.009066
19	19	-1.143560	0.007867
19	20	-0.922534	0.006347
19	21	-0.663739	0.004566
19	22	-0.377770	0.002599
19	23	-0.076336	0.000525
19	24	0.228224	0.001570
19	25	0.523440	0.003601
19	26	0.797227	0.005485
19	27	1.038375	0.007144
19	28	1.237012	0.008510
19	29	1.385005	0.009528
19	30	1.491090	0.004638

20	0	1.228292	0.004080
20	1	1.190959	0.008193
20	2	1.117312	0.007687
20	3	0.997923	0.006865
20	4	0.837679	0.005763
20	5	0.643139	0.004425
20	6	0.422270	0.002905
20	7	0.184113	0.001267
20	8	-0.061582	0.000424
20	9	-0.304755	0.002097
20	10	-0.535452	0.003684
20	11	-0.744227	0.005120
20	12	-0.922534	0.006347
20	13	-1.063072	0.007314
20	14	-1.160088	0.007981
20	15	-1.209609	0.008322
20	16	-1.209609	0.008322
20	17	-1.160088	0.007981
20	18	-1.063072	0.007314
20	19	-0.922534	0.006347
20	20	-0.744227	0.005120
20	21	-0.535452	0.003684
20	22	-0.304755	0.002097
20	23	-0.061582	0.000424
20	24	0.184113	0.001267
20	25	0.422270	0.002905
20	26	0.643139	0.004425
20	27	0.837679	0.005763
20	28	0.997923	0.006865
20	29	1.117312	0.007687
20	30	1.202894	0.003741

21	0	0.883723	0.002935
21	1	0.856864	0.005895
21	2	0.803877	0.005530
21	3	0.717979	0.004939
21	4	0.602688	0.004146
21	5	0.462722	0.003183
21	6	0.303812	0.002090
21	7	0.132464	0.000911
21	8	-0.044306	0.000305
21	9	-0.219263	0.001508
21	10	-0.385244	0.002650
21	11	-0.535452	0.003684
21	12	-0.663739	0.004566
21	13	-0.764852	0.005262
21	14	-0.834653	0.005742
21	15	-0.870282	0.005987
21	16	-0.870282	0.005987
21	17	-0.834653	0.005742
21	18	-0.764852	0.005262
21	19	-0.663739	0.004566
21	20	-0.535452	0.003684
21	21	-0.385244	0.002650
21	22	-0.219263	0.001508
21	23	-0.044306	0.000305
21	24	0.132464	0.000911
21	25	0.303812	0.002090
21	26	0.462722	0.003183
21	27	0.602688	0.004146
21	28	0.717979	0.004939
21	29	0.803877	0.005530
21	30	0.865450	0.002692

22	0	0.502976	0.001671
22	1	0.487688	0.003355
22	2	0.457531	0.003148
22	3	0.408642	0.002811
22	4	0.343023	0.002360
22	5	0.263360	0.001812
22	6	0.172916	0.001190
22	7	0.075393	0.000519
22	8	-0.025217	0.000173
22	9	-0.124795	0.000859
22	10	-0.219263	0.001508
22	11	-0.304755	0.002097
22	12	-0.377770	0.002599
22	13	-0.435320	0.002995
22	14	-0.475047	0.003268
22	15	-0.495325	0.003408
22	16	-0.495325	0.003408
22	17	-0.475047	0.003268
22	18	-0.435320	0.002995
22	19	-0.377770	0.002599
22	20	-0.304755	0.002097
22	21	-0.219263	0.001508
22	22	-0.124795	0.000859
22	23	-0.025217	0.000173
22	24	0.075393	0.000519
22	25	0.172916	0.001190
22	26	0.263360	0.001812
22	27	0.343023	0.002360
22	28	0.408642	0.002811
22	29	0.457531	0.003148
22	30	0.492575	0.001532

23	0	0.101636	0.000338
23	1	0.098547	0.000678
23	2	0.092453	0.000636
23	3	0.082574	0.000568
23	4	0.069314	0.000477
23	5	0.053217	0.000366
23	6	0.034941	0.000240
23	7	0.015235	0.000105
23	8	-0.005096	0.000035
23	9	-0.025217	0.000173
23	10	-0.044306	0.000305
23	11	-0.061582	0.000424
23	12	-0.076336	0.000525
23	13	-0.087965	0.000605
23	14	-0.095992	0.000660
23	15	-0.100090	0.000689
23	16	-0.100090	0.000689
23	17	-0.095992	0.000660
23	18	-0.087965	0.000605
23	19	-0.076336	0.000525
23	20	-0.061582	0.000424
23	21	-0.044306	0.000305
23	22	-0.025217	0.000173
23	23	-0.005096	0.000035
23	24	0.015235	0.000105
23	25	0.034941	0.000240
23	26	0.053217	0.000366
23	27	0.069314	0.000477
23	28	0.082574	0.000568
23	29	0.092453	0.000636
23	30	0.099534	0.000310

24	0	-0.303865	0.001009
24	1	-0.294629	0.002027
24	2	-0.276410	0.001902
24	3	-0.246874	0.001698
24	4	-0.207232	0.001426
24	5	-0.159105	0.001095
24	6	-0.104465	0.000719
24	7	-0.045547	0.000313
24	8	0.015235	0.000105
24	9	0.075393	0.000519
24	10	0.132464	0.000911
24	11	0.184113	0.001267
24	12	0.228224	0.001570
24	13	0.262991	0.001809
24	14	0.286992	0.001974
24	15	0.299243	0.002059
24	16	0.299243	0.002059
24	17	0.286992	0.001974
24	18	0.262991	0.001809
24	19	0.228224	0.001570
24	20	0.184113	0.001267
24	21	0.132464	0.000911
24	22	0.075393	0.000519
24	23	0.015235	0.000105
24	24	-0.045547	0.000313
24	25	-0.104465	0.000719
24	26	-0.159105	0.001095
24	27	-0.207232	0.001426
24	28	-0.246874	0.001698
24	29	-0.276410	0.001902
24	30	-0.297582	0.000926

25	0	-0.696925	0.002315
25	1	-0.675743	0.004649
25	2	-0.633956	0.004361
25	3	-0.566216	0.003895
25	4	-0.475294	0.003270
25	5	-0.364913	0.002511
25	6	-0.239594	0.001648
25	7	-0.104465	0.000719
25	8	0.034941	0.000240
25	9	0.172916	0.001190
25	10	0.303812	0.002090
25	11	0.422270	0.002905
25	12	0.523440	0.003601
25	13	0.603181	0.004150
25	14	0.658227	0.004528
25	15	0.686325	0.004722
25	16	0.686325	0.004722
25	17	0.658227	0.004528
25	18	0.603181	0.004150
25	19	0.523440	0.003601
25	20	0.422270	0.002905
25	21	0.303812	0.002090
25	22	0.172916	0.001190
25	23	0.034941	0.000240
25	24	-0.104465	0.000719
25	25	-0.239594	0.001648
25	26	-0.364913	0.002511
25	27	-0.475294	0.003270
25	28	-0.566216	0.003895
25	29	-0.633956	0.004361
25	30	-0.682515	0.002123

26	0	-1.061453	0.003525
26	1	-1.029192	0.007081
26	2	-0.965549	0.006643
26	3	-0.862376	0.005933
26	4	-0.723897	0.004980
26	5	-0.555782	0.003824
26	6	-0.364913	0.002511
26	7	-0.159105	0.001095
26	8	0.053217	0.000366
26	9	0.263360	0.001812
26	10	0.462722	0.003183
26	11	0.643139	0.004425
26	12	0.797227	0.005485
26	13	0.918676	0.006320
26	14	1.002514	0.006897
26	15	1.045309	0.007191
26	16	1.045309	0.007191
26	17	1.002514	0.006897
26	18	0.918676	0.006320
26	19	0.797227	0.005485
26	20	0.643139	0.004425
26	21	0.462722	0.003183
26	22	0.263360	0.001812
26	23	0.053217	0.000366
26	24	-0.159105	0.001095
26	25	-0.364913	0.002511
26	26	-0.555782	0.003824
26	27	-0.723897	0.004980
26	28	-0.862376	0.005933
26	29	-0.965549	0.006643
26	30	-1.039505	0.003233

27	0	-1.382526	0.004592
27	1	-1.340505	0.009222
27	2	-1.257611	0.008652
27	3	-1.123230	0.007728
27	4	-0.942864	0.006487
27	5	-0.723897	0.004980
27	6	-0.475294	0.003270
27	7	-0.207232	0.001426
27	8	0.069314	0.000477
27	9	0.343023	0.002360
27	10	0.602688	0.004146
27	11	0.837679	0.005763
27	12	1.038375	0.007144
27	13	1.196560	0.008232
27	14	1.305758	0.008983
27	15	1.361497	0.009367
27	16	1.361497	0.009367
27	17	1.305758	0.008983
27	18	1.196560	0.008232
27	19	1.038375	0.007144
27	20	0.837679	0.005763
27	21	0.602688	0.004146
27	22	0.343023	0.002360
27	23	0.069314	0.000477
27	24	-0.207232	0.001426
27	25	-0.475294	0.003270
27	26	-0.723897	0.004980
27	27	-0.942864	0.006487
27	28	-1.123230	0.007728
27	29	-1.257611	0.008652
27	30	-1.353939	0.004211

28	0	-1.646997	0.005470
28	1	-1.596938	0.010986
28	2	-1.498187	0.010307
28	3	-1.338100	0.009206
28	4	-1.123230	0.007728
28	5	-0.862376	0.005933
28	6	-0.566216	0.003895
28	7	-0.246874	0.001698
28	8	0.082574	0.000568
28	9	0.408642	0.002811
28	10	0.717979	0.004939
28	11	0.997923	0.006865
28	12	1.237012	0.008510
28	13	1.425457	0.009807
28	14	1.555544	0.010702
28	15	1.621946	0.011159
28	16	1.621946	0.011159
28	17	1.555544	0.010702
28	18	1.425457	0.009807
28	19	1.237012	0.008510
28	20	0.997923	0.006865
28	21	0.717979	0.004939
28	22	0.408642	0.002811
28	23	0.082574	0.000568
28	24	-0.246874	0.001698
28	25	-0.566216	0.003895
28	26	-0.862376	0.005933
28	27	-1.123230	0.007728
28	28	-1.338100	0.009206
28	29	-1.498187	0.010307
28	30	-1.612941	0.005017

29	0	-1.844040	0.006125
29	1	-1.787992	0.012301
29	2	-1.677427	0.011540
29	3	-1.498187	0.010307
29	4	-1.257611	0.008652
29	5	-0.965549	0.006643
29	6	-0.633956	0.004361
29	7	-0.276410	0.001902
29	8	0.092453	0.000636
29	9	0.457531	0.003148
29	10	0.803877	0.005530
29	11	1.117312	0.007687
29	12	1.385005	0.009528
29	13	1.595995	0.010980
29	14	1.741645	0.011982
29	15	1.815992	0.012494
29	16	1.815992	0.012494
29	17	1.741645	0.011982
29	18	1.595995	0.010980
29	19	1.385005	0.009528
29	20	1.117312	0.007687
29	21	0.803877	0.005530
29	22	0.457531	0.003148
29	23	0.092453	0.000636
29	24	-0.276410	0.001902
29	25	-0.633956	0.004361
29	26	-0.965549	0.006643
29	27	-1.257611	0.008652
29	28	-1.498187	0.010307
29	29	-1.677427	0.011540
29	30	-1.805910	0.005617

30	0	-1.985086	0.026026
30	1	-1.924945	0.005987
30	2	-1.805910	0.005617
30	3	-1.612941	0.005017
30	4	-1.353939	0.004211
30	5	-1.039505	0.003233
30	6	-0.682515	0.002123
30	7	-0.297582	0.000926
30	8	0.099534	0.000310
30	9	0.492575	0.001532
30	10	0.865450	0.002692
30	11	1.202894	0.003741
30	12	1.491090	0.004638
30	13	1.718242	0.005344
30	14	1.875048	0.005832
30	15	1.955089	0.006081
30	16	1.955089	0.006081
30	17	1.875048	0.005832
30	18	1.718242	0.005344
30	19	1.491090	0.004638
30	20	1.202894	0.003741
30	21	0.865450	0.002692
30	22	0.492575	0.001532
30	23	0.099534	0.000310
30	24	-0.297582	0.000926
30	25	-0.682515	0.002123
30	26	-1.039505	0.003233
30	27	-1.353939	0.004211
30	28	-1.612941	0.005017
30	29	-1.805910	0.005617
30	30	-1.944044	0.025086

