1	0.000000
2	0.500000
3	0.666667
4	0.750000
5	0.800000
6	0.666667
7	0.571429
8	0.500000
9	0.444444
10	0.400000
11	0.363636
12	0.416667
13	0.384615
14	0.357143
15	0.333333
16	0.375000
17	0.352941
18	0.388889
19	0.368421
20	0.350000
21	0.380952
22	0.409091
23	0.391304
24	0.375000
25	0.400000
26	0.384615
27	0.407407
28	0.392857
29	0.379310
30	0.400000
31	0.387097
32	0.375000
33	0.393939
34	0.382353
35	0.371429
36	0.361111
37	0.351351
38	0.342105
39	0.333333
40	0.350000
41	0.341463
42	0.333333
43	0.325581
44	0.318182
45	0.333333
46	0.326087
47	0.319149
48	0.333333
49	0.326531
50	0.340000
51	0.333333
52	0.346154
53	0.339623
54	0.333333
55	0.327273
56	0.339286
57	0.333333
58	0.327586
59	0.322034
60	0.333333
61	0.327869
62	0.322581
63	0.333333
64	0.328125
65	0.323077
66	0.333333
67	0.343284
68	0.338235
69	0.347826
70	0.357143
71	0.352113
72	0.361111
73	0.356164
74	0.364865
75	0.360000
76	0.355263
77	0.350649
78	0.358974
79	0.354430
80	0.362500
81	0.358025
82	0.353659
83	0.361446
84	0.357143
85	0.352941
86	0.360465
87	0.356322
88	0.363636
89	0.359551
90	0.366667
91	0.373626
92	0.380435
93	0.376344
94	0.372340
95	0.368421
96	0.375000
97	0.371134
98	0.367347
99	0.363636
100	0.370000
101	0.366337
102	0.372549
103	0.378641
104	0.375000
105	0.371429
106	0.377358
107	0.373832
108	0.370370
109	0.366972
110	0.372727
111	0.369369
112	0.375000
113	0.380531
114	0.377193
115	0.373913
116	0.379310
117	0.384615
118	0.381356
119	0.378151
120	0.383333
121	0.380165
122	0.385246
123	0.382114
124	0.379032
125	0.376000
126	0.380952
127	0.377953
128	0.382812
129	0.379845
130	0.376923
131	0.381679
132	0.378788
133	0.383459
134	0.380597
135	0.377778
136	0.375000
137	0.372263
138	0.369565
139	0.366906
140	0.371429
141	0.368794
142	0.366197
143	0.363636
144	0.361111
145	0.358621
146	0.363014
147	0.367347
148	0.371622
149	0.369128
150	0.373333
151	0.370861
152	0.368421
153	0.366013
154	0.363636
155	0.361290
156	0.365385
157	0.369427
158	0.367089
159	0.371069
160	0.375000
161	0.372671
162	0.376543
163	0.380368
164	0.378049
165	0.375758
166	0.373494
167	0.371257
168	0.369048
169	0.372781
170	0.376471
171	0.380117
172	0.377907
173	0.375723
174	0.373563
175	0.377143
176	0.375000
177	0.372881
178	0.370787
179	0.374302
180	0.372222
181	0.375691
182	0.373626
183	0.377049
184	0.375000
185	0.372973
186	0.376344
187	0.374332
188	0.377660
189	0.375661
190	0.378947
191	0.376963
192	0.375000
193	0.378238
194	0.376289
195	0.374359
196	0.372449
197	0.375635
198	0.378788
199	0.376884
200	0.380000
201	0.378109
202	0.376238
203	0.379310
204	0.377451
205	0.375610
206	0.373786
207	0.371981
208	0.375000
209	0.373206
210	0.376190
211	0.374408
212	0.377358
213	0.375587
214	0.373832
215	0.372093
216	0.375000
217	0.373272
218	0.376147
219	0.374429
220	0.372727
221	0.371041
222	0.373874
223	0.372197
224	0.370536
225	0.368889
226	0.367257
227	0.365639
228	0.364035
229	0.362445
230	0.360870
231	0.363636
232	0.362069
233	0.364807
234	0.363248
235	0.365957
236	0.364407
237	0.362869
238	0.365546
239	0.364017
240	0.362500
241	0.360996
242	0.363636
243	0.362140
244	0.360656
245	0.363265
246	0.361789
247	0.364372
248	0.362903
249	0.361446
250	0.364000
251	0.362550
252	0.361111
253	0.359684
254	0.358268
255	0.356863
256	0.355469
257	0.357977
258	0.356589
259	0.359073
260	0.357692
261	0.356322
262	0.354962
263	0.357414
264	0.356061
265	0.354717
266	0.353383
267	0.352060
268	0.354478
269	0.353160
270	0.351852
271	0.350554
272	0.352941
273	0.351648
274	0.350365
275	0.349091
276	0.351449
277	0.353791
278	0.352518
279	0.354839
280	0.353571
281	0.352313
282	0.351064
283	0.349823
284	0.352113
285	0.350877
286	0.353147
287	0.355401
288	0.354167
289	0.356401
290	0.355172
291	0.357388
292	0.359589
293	0.358362
294	0.357143
295	0.359322
296	0.361486
297	0.360269
298	0.359060
299	0.357860
300	0.356667
301	0.355482
302	0.357616
303	0.356436
304	0.358553
305	0.357377
306	0.356209
307	0.358306
308	0.357143
309	0.359223
310	0.358065
311	0.356913
312	0.355769
313	0.354633
314	0.353503
315	0.355556
316	0.354430
317	0.353312
318	0.355346
319	0.354232
320	0.353125
321	0.355140
322	0.354037
323	0.356037
324	0.354938
325	0.353846
326	0.352761
327	0.351682
328	0.353659
329	0.352584
330	0.351515
331	0.350453
332	0.352410
333	0.354354
334	0.353293
335	0.355224
336	0.357143
337	0.356083
338	0.355030
339	0.356932
340	0.355882
341	0.357771
342	0.356725
343	0.355685
344	0.354651
345	0.353623
346	0.355491
347	0.357349
348	0.356322
349	0.355301
350	0.354286
351	0.353276
352	0.355114
353	0.354108
354	0.353107
355	0.352113
356	0.351124
357	0.352941
358	0.354749
359	0.353760
360	0.355556
361	0.357341
362	0.356354
363	0.358127
364	0.357143
365	0.356164
366	0.355191
367	0.356948
368	0.355978
369	0.355014
370	0.354054
371	0.353100
372	0.352151
373	0.353887
374	0.352941
375	0.354667
376	0.353723
377	0.355438
378	0.354497
379	0.353562
380	0.352632
381	0.354331
382	0.353403
383	0.352480
384	0.351562
385	0.350649
386	0.349741
387	0.351421
388	0.350515
389	0.352185
390	0.353846
391	0.352941
392	0.352041
393	0.351145
394	0.352792
395	0.354430
396	0.353535
397	0.355164
398	0.354271
399	0.355890
400	0.355000
401	0.354115
402	0.355721
403	0.354839
404	0.353960
405	0.355556
406	0.354680
407	0.356265
408	0.357843
409	0.356968
410	0.358537
411	0.357664
412	0.356796
413	0.358354
414	0.357488
415	0.356627
416	0.355769
417	0.354916
418	0.354067
419	0.355609
420	0.354762
421	0.353919
422	0.353081
423	0.352246
424	0.351415
425	0.350588
426	0.352113
427	0.353630
428	0.352804
429	0.351981
430	0.353488
431	0.352668
432	0.351852
433	0.353349
434	0.354839
435	0.354023
436	0.355505
437	0.354691
438	0.353881
439	0.355353
440	0.354545
441	0.356009
442	0.355204
443	0.356659
444	0.355856
445	0.357303
446	0.358744
447	0.357942
448	0.359375
449	0.358575
450	0.357778
451	0.359202
452	0.358407
453	0.357616
454	0.356828
455	0.356044
456	0.357456
457	0.356674
458	0.358079
459	0.359477
460	0.358696
461	0.360087
462	0.359307
463	0.358531
464	0.357759
465	0.359140
466	0.358369
467	0.357602
468	0.358974
469	0.358209
470	0.357447
471	0.356688
472	0.355932
473	0.357294
474	0.356540
475	0.355789
476	0.355042
477	0.356394
478	0.355649
479	0.354906
480	0.354167
481	0.355509
482	0.354772
483	0.354037
484	0.355372
485	0.354639
486	0.355967
487	0.355236
488	0.354508
489	0.355828
490	0.355102
491	0.356415
492	0.357724
493	0.356998
494	0.358300
495	0.357576
496	0.358871
497	0.358149
498	0.357430
499	0.356713
500	0.356000
501	178.000000
