1	1.000000
2	1.000000
3	0.666667
4	0.500000
5	0.600000
6	0.500000
7	0.428571
8	0.500000
9	0.555556
10	0.600000
11	0.636364
12	0.666667
13	0.692308
14	0.714286
15	0.733333
16	0.750000
17	0.705882
18	0.722222
19	0.736842
20	0.750000
21	0.714286
22	0.727273
23	0.739130
24	0.750000
25	0.760000
26	0.769231
27	0.777778
28	0.785714
29	0.793103
30	0.800000
31	0.774194
32	0.781250
33	0.787879
34	0.794118
35	0.800000
36	0.805556
37	0.810811
38	0.789474
39	0.769231
40	0.750000
41	0.731707
42	0.738095
43	0.744186
44	0.750000
45	0.733333
46	0.739130
47	0.744681
48	0.750000
49	0.755102
50	0.760000
51	0.764706
52	0.769231
53	0.773585
54	0.759259
55	0.763636
56	0.767857
57	0.771930
58	0.775862
59	0.779661
60	0.783333
61	0.770492
62	0.758065
63	0.746032
64	0.750000
65	0.753846
66	0.742424
67	0.731343
68	0.735294
69	0.739130
70	0.742857
71	0.746479
72	0.736111
73	0.739726
74	0.729730
75	0.720000
76	0.710526
77	0.714286
78	0.717949
79	0.721519
80	0.725000
81	0.728395
82	0.731707
83	0.722892
84	0.726190
85	0.729412
86	0.720930
87	0.712644
88	0.704545
89	0.707865
90	0.711111
91	0.714286
92	0.717391
93	0.720430
94	0.723404
95	0.726316
96	0.729167
97	0.731959
98	0.734694
99	0.727273
100	0.720000
101	0.712871
102	0.715686
103	0.718447
104	0.721154
105	0.723810
106	0.716981
107	0.710280
108	0.703704
109	0.697248
110	0.690909
111	0.684685
112	0.678571
113	0.672566
114	0.675439
115	0.678261
116	0.672414
117	0.666667
118	0.669492
119	0.672269
120	0.666667
121	0.661157
122	0.655738
123	0.650407
124	0.653226
125	0.656000
126	0.658730
127	0.653543
128	0.656250
129	0.658915
130	0.661538
131	0.656489
132	0.659091
133	0.654135
134	0.656716
135	0.659259
136	0.661765
137	0.664234
138	0.666667
139	0.669065
140	0.671429
141	0.673759
142	0.669014
143	0.671329
144	0.673611
145	0.668966
146	0.671233
147	0.666667
148	0.668919
149	0.671141
150	0.673333
151	0.668874
152	0.671053
153	0.673203
154	0.675325
155	0.677419
156	0.679487
157	0.681529
158	0.677215
159	0.672956
160	0.668750
161	0.664596
162	0.666667
163	0.668712
164	0.670732
165	0.672727
166	0.674699
167	0.670659
168	0.672619
169	0.674556
170	0.676471
171	0.678363
172	0.680233
173	0.676301
174	0.672414
175	0.674286
176	0.676136
177	0.672316
178	0.668539
179	0.670391
180	0.672222
181	0.674033
182	0.675824
183	0.677596
184	0.679348
185	0.675676
186	0.677419
187	0.679144
188	0.680851
189	0.682540
190	0.684211
191	0.680628
192	0.682292
193	0.683938
194	0.685567
195	0.687179
196	0.688776
197	0.690355
198	0.691919
199	0.693467
200	0.695000
201	0.696517
202	0.693069
203	0.694581
204	0.696078
205	0.697561
206	0.699029
207	0.695652
208	0.697115
209	0.698565
210	0.700000
211	0.701422
212	0.702830
213	0.699531
214	0.696262
215	0.693023
216	0.694444
217	0.695853
218	0.697248
219	0.698630
220	0.695455
221	0.696833
222	0.698198
223	0.695067
224	0.691964
225	0.693333
226	0.694690
227	0.696035
228	0.697368
229	0.694323
230	0.695652
231	0.696970
232	0.698276
233	0.695279
234	0.696581
235	0.697872
236	0.699153
237	0.700422
238	0.701681
239	0.702929
240	0.704167
241	0.705394
242	0.706612
243	0.707819
244	0.704918
245	0.702041
246	0.703252
247	0.700405
248	0.701613
249	0.702811
250	0.704000
251	0.705179
252	0.706349
253	0.703557
254	0.704724
255	0.705882
256	0.707031
257	0.708171
258	0.705426
259	0.702703
260	0.703846
261	0.701149
262	0.698473
263	0.695817
264	0.693182
265	0.690566
266	0.691729
267	0.692884
268	0.694030
269	0.695167
270	0.692593
271	0.690037
272	0.687500
273	0.684982
274	0.686131
275	0.687273
276	0.688406
277	0.685921
278	0.687050
279	0.688172
280	0.685714
281	0.686833
282	0.687943
283	0.689046
284	0.686620
285	0.687719
286	0.688811
287	0.686411
288	0.687500
289	0.688581
290	0.689655
291	0.690722
292	0.691781
293	0.692833
294	0.693878
295	0.691525
296	0.689189
297	0.686869
298	0.687919
299	0.688963
300	0.690000
301	0.687708
302	0.685430
303	0.686469
304	0.687500
305	0.688525
306	0.689542
307	0.690554
308	0.688312
309	0.686084
310	0.687097
311	0.688103
312	0.689103
313	0.690096
314	0.691083
315	0.692063
316	0.693038
317	0.694006
318	0.694969
319	0.692790
320	0.690625
321	0.688474
322	0.686335
323	0.684211
324	0.682099
325	0.680000
326	0.677914
327	0.675841
328	0.673780
329	0.671733
330	0.669697
331	0.670695
332	0.671687
333	0.672673
334	0.673653
335	0.674627
336	0.675595
337	0.676558
338	0.674556
339	0.675516
340	0.676471
341	0.677419
342	0.678363
343	0.676385
344	0.674419
345	0.675362
346	0.676301
347	0.677233
348	0.675287
349	0.676218
350	0.677143
351	0.678063
352	0.678977
353	0.679887
354	0.680791
355	0.681690
356	0.682584
357	0.683473
358	0.681564
359	0.679666
360	0.677778
361	0.678670
362	0.679558
363	0.680441
364	0.681319
365	0.679452
366	0.677596
367	0.675749
368	0.673913
369	0.674797
370	0.675676
371	0.676550
372	0.677419
373	0.678284
374	0.676471
375	0.674667
376	0.675532
377	0.676393
378	0.677249
379	0.678100
380	0.678947
381	0.679790
382	0.680628
383	0.681462
384	0.682292
385	0.683117
386	0.683938
387	0.684755
388	0.685567
389	0.686375
390	0.687179
391	0.685422
392	0.683673
393	0.684478
394	0.685279
395	0.686076
396	0.686869
397	0.687657
398	0.688442
399	0.689223
400	0.687500
401	0.685786
402	0.684080
403	0.682382
404	0.680693
405	0.681481
406	0.682266
407	0.683047
408	0.683824
409	0.684597
410	0.685366
411	0.686131
412	0.686893
413	0.687651
414	0.688406
415	0.689157
416	0.689904
417	0.690647
418	0.691388
419	0.692124
420	0.692857
421	0.691211
422	0.691943
423	0.692671
424	0.693396
425	0.694118
426	0.692488
427	0.690867
428	0.689252
429	0.689977
430	0.690698
431	0.689095
432	0.687500
433	0.685912
434	0.686636
435	0.685057
436	0.683486
437	0.681922
438	0.682648
439	0.681093
440	0.679545
441	0.678005
442	0.676471
443	0.674944
444	0.675676
445	0.676404
446	0.677130
447	0.677852
448	0.678571
449	0.679287
450	0.680000
451	0.680710
452	0.681416
453	0.682119
454	0.680617
455	0.679121
456	0.679825
457	0.678337
458	0.676856
459	0.677560
460	0.678261
461	0.678959
462	0.679654
463	0.680346
464	0.681034
465	0.681720
466	0.682403
467	0.683084
468	0.683761
469	0.684435
470	0.685106
471	0.685775
472	0.684322
473	0.684989
474	0.685654
475	0.686316
476	0.686975
477	0.687631
478	0.688285
479	0.686848
480	0.685417
481	0.686071
482	0.686722
483	0.687371
484	0.688017
485	0.688660
486	0.689300
487	0.687885
488	0.688525
489	0.689162
490	0.689796
491	0.690428
492	0.691057
493	0.691684
494	0.692308
495	0.692929
496	0.693548
497	0.692153
498	0.690763
499	0.691383
500	0.692000
501	346.000000
