1	0.000000
2	0.500000
3	0.333333
4	0.250000
5	0.200000
6	0.333333
7	0.285714
8	0.250000
9	0.333333
10	0.400000
11	0.363636
12	0.333333
13	0.384615
14	0.357143
15	0.400000
16	0.437500
17	0.470588
18	0.444444
19	0.421053
20	0.450000
21	0.476190
22	0.500000
23	0.478261
24	0.458333
25	0.480000
26	0.500000
27	0.481481
28	0.464286
29	0.448276
30	0.466667
31	0.483871
32	0.500000
33	0.484848
34	0.500000
35	0.514286
36	0.500000
37	0.486486
38	0.473684
39	0.487179
40	0.500000
41	0.512195
42	0.500000
43	0.511628
44	0.522727
45	0.533333
46	0.543478
47	0.531915
48	0.541667
49	0.530612
50	0.540000
51	0.549020
52	0.538462
53	0.547170
54	0.537037
55	0.527273
56	0.517857
57	0.526316
58	0.517241
59	0.525424
60	0.516667
61	0.524590
62	0.516129
63	0.507937
64	0.515625
65	0.507692
66	0.515152
67	0.507463
68	0.514706
69	0.507246
70	0.500000
71	0.507042
72	0.500000
73	0.493151
74	0.486486
75	0.493333
76	0.486842
77	0.480519
78	0.474359
79	0.481013
80	0.487500
81	0.493827
82	0.500000
83	0.493976
84	0.488095
85	0.494118
86	0.500000
87	0.494253
88	0.500000
89	0.505618
90	0.500000
91	0.505495
92	0.510870
93	0.505376
94	0.500000
95	0.505263
96	0.500000
97	0.494845
98	0.500000
99	0.505051
100	0.500000
101	0.504950
102	0.500000
103	0.495146
104	0.490385
105	0.485714
106	0.490566
107	0.495327
108	0.490741
109	0.486239
110	0.490909
111	0.486486
112	0.491071
113	0.495575
114	0.491228
115	0.495652
116	0.491379
117	0.487179
118	0.491525
119	0.495798
120	0.491667
121	0.495868
122	0.500000
123	0.495935
124	0.491935
125	0.488000
126	0.492063
127	0.488189
128	0.484375
129	0.488372
130	0.492308
131	0.496183
132	0.492424
133	0.496241
134	0.500000
135	0.503704
136	0.500000
137	0.503650
138	0.500000
139	0.503597
140	0.507143
141	0.503546
142	0.500000
143	0.503497
144	0.500000
145	0.503448
146	0.506849
147	0.503401
148	0.506757
149	0.510067
150	0.506667
151	0.509934
152	0.513158
153	0.509804
154	0.512987
155	0.516129
156	0.512821
157	0.515924
158	0.518987
159	0.515723
160	0.518750
161	0.515528
162	0.512346
163	0.515337
164	0.518293
165	0.515152
166	0.512048
167	0.508982
168	0.511905
169	0.514793
170	0.511765
171	0.508772
172	0.505814
173	0.502890
174	0.505747
175	0.508571
176	0.511364
177	0.508475
178	0.511236
179	0.513966
180	0.516667
181	0.513812
182	0.510989
183	0.513661
184	0.510870
185	0.508108
186	0.505376
187	0.508021
188	0.505319
189	0.507937
190	0.505263
191	0.507853
192	0.510417
193	0.507772
194	0.505155
195	0.507692
196	0.505102
197	0.507614
198	0.510101
199	0.512563
200	0.510000
201	0.507463
202	0.504950
203	0.507389
204	0.504902
205	0.507317
206	0.504854
207	0.502415
208	0.504808
209	0.507177
210	0.509524
211	0.507109
212	0.504717
213	0.502347
214	0.504673
215	0.502326
216	0.504630
217	0.502304
218	0.504587
219	0.502283
220	0.500000
221	0.497738
222	0.500000
223	0.497758
224	0.495536
225	0.497778
226	0.495575
227	0.497797
228	0.495614
229	0.497817
230	0.495652
231	0.497835
232	0.495690
233	0.497854
234	0.495726
235	0.497872
236	0.495763
237	0.493671
238	0.491597
239	0.489540
240	0.491667
241	0.489627
242	0.491736
243	0.493827
244	0.491803
245	0.489796
246	0.491870
247	0.493927
248	0.495968
249	0.493976
250	0.496000
251	0.498008
252	0.496032
253	0.498024
254	0.496063
255	0.498039
256	0.496094
257	0.498054
258	0.496124
259	0.498069
260	0.496154
261	0.498084
262	0.496183
263	0.494297
264	0.496212
265	0.494340
266	0.492481
267	0.490637
268	0.492537
269	0.490706
270	0.488889
271	0.487085
272	0.488971
273	0.487179
274	0.489051
275	0.487273
276	0.489130
277	0.490975
278	0.489209
279	0.491039
280	0.489286
281	0.487544
282	0.489362
283	0.491166
284	0.489437
285	0.491228
286	0.489510
287	0.487805
288	0.489583
289	0.491349
290	0.493103
291	0.491409
292	0.489726
293	0.491468
294	0.493197
295	0.491525
296	0.489865
297	0.488215
298	0.486577
299	0.488294
300	0.486667
301	0.485050
302	0.483444
303	0.485149
304	0.486842
305	0.485246
306	0.486928
307	0.485342
308	0.487013
309	0.488673
310	0.490323
311	0.488746
312	0.487179
313	0.485623
314	0.487261
315	0.485714
316	0.484177
317	0.485804
318	0.484277
319	0.485893
320	0.484375
321	0.485981
322	0.484472
323	0.486068
324	0.484568
325	0.486154
326	0.484663
327	0.483180
328	0.481707
329	0.483283
330	0.481818
331	0.483384
332	0.481928
333	0.483483
334	0.482036
335	0.483582
336	0.482143
337	0.483680
338	0.485207
339	0.483776
340	0.485294
341	0.486804
342	0.488304
343	0.489796
344	0.488372
345	0.489855
346	0.491329
347	0.489914
348	0.488506
349	0.489971
350	0.491429
351	0.490028
352	0.488636
353	0.490085
354	0.488701
355	0.490141
356	0.491573
357	0.492997
358	0.491620
359	0.493036
360	0.491667
361	0.493075
362	0.491713
363	0.493113
364	0.494505
365	0.493151
366	0.491803
367	0.493188
368	0.491848
369	0.490515
370	0.489189
371	0.490566
372	0.491935
373	0.490617
374	0.491979
375	0.493333
376	0.494681
377	0.493369
378	0.494709
379	0.493404
380	0.492105
381	0.490814
382	0.492147
383	0.490862
384	0.492188
385	0.490909
386	0.492228
387	0.490956
388	0.492268
389	0.491003
390	0.489744
391	0.491049
392	0.492347
393	0.491094
394	0.492386
395	0.491139
396	0.489899
397	0.488665
398	0.489950
399	0.491228
400	0.490000
401	0.491272
402	0.490050
403	0.491315
404	0.492574
405	0.491358
406	0.492611
407	0.491400
408	0.492647
409	0.493888
410	0.495122
411	0.493917
412	0.495146
413	0.493947
414	0.495169
415	0.493976
416	0.495192
417	0.494005
418	0.495215
419	0.494033
420	0.492857
421	0.491686
422	0.492891
423	0.491726
424	0.492925
425	0.494118
426	0.495305
427	0.494145
428	0.495327
429	0.494172
430	0.495349
431	0.494200
432	0.495370
433	0.496536
434	0.497696
435	0.496552
436	0.497706
437	0.496568
438	0.495434
439	0.494305
440	0.495455
441	0.496599
442	0.495475
443	0.494357
444	0.495495
445	0.494382
446	0.495516
447	0.494407
448	0.495536
449	0.494432
450	0.495556
451	0.494457
452	0.495575
453	0.496689
454	0.495595
455	0.494505
456	0.495614
457	0.494530
458	0.495633
459	0.494553
460	0.495652
461	0.494577
462	0.493506
463	0.492441
464	0.493534
465	0.492473
466	0.493562
467	0.494647
468	0.495726
469	0.494670
470	0.495745
471	0.494692
472	0.495763
473	0.496829
474	0.497890
475	0.498947
476	0.497899
477	0.498952
478	0.497908
479	0.498956
480	0.497917
481	0.498960
482	0.497925
483	0.496894
484	0.497934
485	0.496907
486	0.497942
487	0.498973
488	0.497951
489	0.496933
490	0.497959
491	0.496945
492	0.497967
493	0.496957
494	0.497976
495	0.498990
496	0.497984
497	0.498994
498	0.500000
499	0.498998
500	0.498000
501	249.000000
