0	0	-2.000000	0.000	-0.000	0.000000
0	1	-1.959060	0.201	-0.000	0.201299
0	2	-1.837916	0.394	-0.000	0.394356
0	3	-1.641527	0.571	-0.000	0.571268
0	4	-1.377934	0.725	-0.000	0.724793
0	5	-1.057928	0.849	-0.000	0.848644
0	6	-0.694611	0.938	-0.000	0.937752
0	7	-0.302856	0.988	-0.000	0.988468
0	8	0.101298	0.999	0.000	0.998717
0	9	0.501305	0.968	0.000	0.968077
0	10	0.880788	0.898	0.000	0.897805
0	11	1.224212	0.791	0.000	0.790776
0	12	1.517516	0.651	0.000	0.651372
0	13	1.748693	0.485	0.000	0.485302
0	14	1.908279	0.299	0.000	0.299363
0	15	1.989739	0.101	0.000	0.101168
0	16	1.989739	-0.101	0.000	0.101168
0	17	1.908279	-0.299	0.000	0.299363
0	18	1.748693	-0.485	0.000	0.485302
0	19	1.517516	-0.651	0.000	0.651372
0	20	1.224212	-0.791	0.000	0.790776
0	21	0.880788	-0.898	0.000	0.897805
0	22	0.501305	-0.968	0.000	0.968077
0	23	0.101298	-0.999	0.000	0.998717
0	24	-0.302856	-0.988	-0.000	0.988468
0	25	-0.694611	-0.938	-0.000	0.937752
0	26	-1.057928	-0.849	-0.000	0.848644
0	27	-1.377934	-0.725	-0.000	0.724793
0	28	-1.641527	-0.571	-0.000	0.571268
0	29	-1.837916	-0.394	-0.000	0.394356
0	30	-1.959060	-0.201	-0.000	0.201299

1	0	-1.959060	0.000	-0.201	0.201299
1	1	-1.918958	0.197	-0.197	0.278852
1	2	-1.800293	0.386	-0.185	0.428292
1	3	-1.607925	0.560	-0.165	0.583456
1	4	-1.349727	0.710	-0.139	0.723376
1	5	-1.036272	0.831	-0.106	0.838064
1	6	-0.680392	0.919	-0.070	0.921213
1	7	-0.296656	0.968	-0.030	0.968714
1	8	0.099225	0.978	0.010	0.978326
1	9	0.491043	0.948	0.050	0.949602
1	10	0.862759	0.879	0.089	0.883883
1	11	1.199152	0.775	0.123	0.784327
1	12	1.486453	0.638	0.153	0.656066
1	13	1.712897	0.475	0.176	0.506905
1	14	1.869216	0.293	0.192	0.350537
1	15	1.949009	0.099	0.200	0.223443
1	16	1.949009	-0.099	0.200	0.223443
1	17	1.869216	-0.293	0.192	0.350537
1	18	1.712897	-0.475	0.176	0.506905
1	19	1.486453	-0.638	0.153	0.656066
1	20	1.199152	-0.775	0.123	0.784327
1	21	0.862759	-0.879	0.089	0.883883
1	22	0.491043	-0.948	0.050	0.949602
1	23	0.099225	-0.978	0.010	0.978326
1	24	-0.296656	-0.968	-0.030	0.968714
1	25	-0.680392	-0.919	-0.070	0.921213
1	26	-1.036272	-0.831	-0.106	0.838064
1	27	-1.349727	-0.710	-0.139	0.723376
1	28	-1.607925	-0.560	-0.165	0.583456
1	29	-1.800293	-0.386	-0.185	0.428292
1	30	-1.918958	-0.197	-0.197	0.278852

2	0	-1.837916	0.000	-0.394	0.394356
2	1	-1.800293	0.185	-0.386	0.428292
2	2	-1.688967	0.362	-0.362	0.512506
2	3	-1.508494	0.525	-0.324	0.616733
2	4	-1.266263	0.666	-0.272	0.719338
2	5	-0.972191	0.780	-0.209	0.807285
2	6	-0.638318	0.862	-0.137	0.872571
2	7	-0.278311	0.908	-0.060	0.910321
2	8	0.093089	0.918	0.020	0.917996
2	9	0.460678	0.890	0.099	0.895097
2	10	0.809407	0.825	0.174	0.843125
2	11	1.124999	0.727	0.241	0.765732
2	12	1.394533	0.599	0.299	0.669205
2	13	1.606975	0.446	0.345	0.563720
2	14	1.753627	0.275	0.376	0.466112
2	15	1.828486	0.093	0.392	0.403197
2	16	1.828486	-0.093	0.392	0.403197
2	17	1.753627	-0.275	0.376	0.466112
2	18	1.606975	-0.446	0.345	0.563720
2	19	1.394533	-0.599	0.299	0.669205
2	20	1.124999	-0.727	0.241	0.765732
2	21	0.809407	-0.825	0.174	0.843125
2	22	0.460678	-0.890	0.099	0.895097
2	23	0.093089	-0.918	0.020	0.917996
2	24	-0.278311	-0.908	-0.060	0.910321
2	25	-0.638318	-0.862	-0.137	0.872571
2	26	-0.972191	-0.780	-0.209	0.807285
2	27	-1.266263	-0.666	-0.272	0.719338
2	28	-1.508494	-0.525	-0.324	0.616733
2	29	-1.688967	-0.362	-0.362	0.512506
2	30	-1.800293	-0.185	-0.386	0.428292

3	0	-1.641527	0.000	-0.571	0.571268
3	1	-1.607925	0.165	-0.560	0.583456
3	2	-1.508494	0.324	-0.525	0.616733
3	3	-1.347305	0.469	-0.469	0.663091
3	4	-1.130958	0.595	-0.394	0.713299
3	5	-0.868309	0.697	-0.302	0.759260
3	6	-0.570111	0.770	-0.198	0.794834
3	7	-0.248573	0.811	-0.087	0.815898
3	8	0.083142	0.820	0.029	0.820221
3	9	0.411453	0.795	0.143	0.807361
3	10	0.722919	0.737	0.252	0.778649
3	11	1.004788	0.649	0.350	0.737242
3	12	1.245522	0.535	0.433	0.688262
3	13	1.435263	0.398	0.499	0.638861
3	14	1.566245	0.246	0.545	0.597890
3	15	1.633105	0.083	0.568	0.574371
3	16	1.633105	-0.083	0.568	0.574371
3	17	1.566245	-0.246	0.545	0.597890
3	18	1.435263	-0.398	0.499	0.638861
3	19	1.245522	-0.535	0.433	0.688262
3	20	1.004788	-0.649	0.350	0.737242
3	21	0.722919	-0.737	0.252	0.778649
3	22	0.411453	-0.795	0.143	0.807361
3	23	0.083142	-0.820	0.029	0.820221
3	24	-0.248573	-0.811	-0.087	0.815898
3	25	-0.570111	-0.770	-0.198	0.794834
3	26	-0.868309	-0.697	-0.302	0.759260
3	27	-1.130958	-0.595	-0.394	0.713299
3	28	-1.347305	-0.469	-0.469	0.663091
3	29	-1.508494	-0.324	-0.525	0.616733
3	30	-1.607925	-0.165	-0.560	0.583456

4	0	-1.377934	0.000	-0.725	0.724793
4	1	-1.349727	0.139	-0.710	0.723376
4	2	-1.266263	0.272	-0.666	0.719338
4	3	-1.130958	0.394	-0.595	0.713299
4	4	-0.949351	0.499	-0.499	0.706199
4	5	-0.728877	0.585	-0.383	0.699176
4	6	-0.478564	0.646	-0.252	0.693386
4	7	-0.208657	0.681	-0.110	0.689809
4	8	0.069791	0.688	0.037	0.689061
4	9	0.345383	0.667	0.182	0.691272
4	10	0.606834	0.619	0.319	0.696059
4	11	0.843442	0.545	0.444	0.702604
4	12	1.045518	0.449	0.550	0.709813
4	13	1.204792	0.334	0.634	0.716516
4	14	1.314741	0.206	0.692	0.721655
4	15	1.370864	0.070	0.721	0.724435
4	16	1.370864	-0.070	0.721	0.724435
4	17	1.314741	-0.206	0.692	0.721655
4	18	1.204792	-0.334	0.634	0.716516
4	19	1.045518	-0.449	0.550	0.709813
4	20	0.843442	-0.545	0.444	0.702604
4	21	0.606834	-0.619	0.319	0.696059
4	22	0.345383	-0.667	0.182	0.691272
4	23	0.069791	-0.688	0.037	0.689061
4	24	-0.208657	-0.681	-0.110	0.689809
4	25	-0.478564	-0.646	-0.252	0.693386
4	26	-0.728877	-0.585	-0.383	0.699176
4	27	-0.949351	-0.499	-0.499	0.706199
4	28	-1.130958	-0.394	-0.595	0.713299
4	29	-1.266263	-0.272	-0.666	0.719338
4	30	-1.349727	-0.139	-0.710	0.723376

5	0	-1.057928	0.000	-0.849	0.848644
5	1	-1.036272	0.106	-0.831	0.838064
5	2	-0.972191	0.209	-0.780	0.807285
5	3	-0.868309	0.302	-0.697	0.759260
5	4	-0.728877	0.383	-0.585	0.699176
5	5	-0.559606	0.449	-0.449	0.634844
5	6	-0.367424	0.496	-0.295	0.576995
5	7	-0.160200	0.523	-0.129	0.538425
5	8	0.053583	0.528	0.043	0.530031
5	9	0.265172	0.512	0.213	0.554501
5	10	0.465905	0.475	0.374	0.604331
5	11	0.647564	0.418	0.519	0.666939
5	12	0.802711	0.345	0.644	0.730304
5	13	0.924996	0.257	0.742	0.785160
5	14	1.009411	0.158	0.810	0.825063
5	15	1.052500	0.054	0.844	0.845984
5	16	1.052500	-0.054	0.844	0.845984
5	17	1.009411	-0.158	0.810	0.825063
5	18	0.924996	-0.257	0.742	0.785160
5	19	0.802711	-0.345	0.644	0.730304
5	20	0.647564	-0.418	0.519	0.666939
5	21	0.465905	-0.475	0.374	0.604331
5	22	0.265172	-0.512	0.213	0.554501
5	23	0.053583	-0.528	0.043	0.530031
5	24	-0.160200	-0.523	-0.129	0.538425
5	25	-0.367424	-0.496	-0.295	0.576995
5	26	-0.559606	-0.449	-0.449	0.634844
5	27	-0.728877	-0.383	-0.585	0.699176
5	28	-0.868309	-0.302	-0.697	0.759260
5	29	-0.972191	-0.209	-0.780	0.807285
5	30	-1.036272	-0.106	-0.831	0.838064

6	0	-0.694611	0.000	-0.938	0.937752
6	1	-0.680392	0.070	-0.919	0.921213
6	2	-0.638318	0.137	-0.862	0.872571
6	3	-0.570111	0.198	-0.770	0.794834
6	4	-0.478564	0.252	-0.646	0.693386
6	5	-0.367424	0.295	-0.496	0.576995
6	6	-0.241242	0.326	-0.326	0.460590
6	7	-0.105183	0.343	-0.142	0.371510
6	8	0.035181	0.347	0.047	0.350096
6	9	0.174106	0.336	0.235	0.410233
6	10	0.305902	0.312	0.413	0.517474
6	11	0.425175	0.275	0.574	0.636324
6	12	0.527041	0.226	0.712	0.746625
6	13	0.607330	0.169	0.820	0.837065
6	14	0.662755	0.104	0.895	0.900767
6	15	0.691047	0.035	0.933	0.933602
6	16	0.691047	-0.035	0.933	0.933602
6	17	0.662755	-0.104	0.895	0.900767
6	18	0.607330	-0.169	0.820	0.837065
6	19	0.527041	-0.226	0.712	0.746625
6	20	0.425175	-0.275	0.574	0.636324
6	21	0.305902	-0.312	0.413	0.517474
6	22	0.174106	-0.336	0.235	0.410233
6	23	0.035181	-0.347	0.047	0.350096
6	24	-0.105183	-0.343	-0.142	0.371510
6	25	-0.241242	-0.326	-0.326	0.460590
6	26	-0.367424	-0.295	-0.496	0.576995
6	27	-0.478564	-0.252	-0.646	0.693386
6	28	-0.570111	-0.198	-0.770	0.794834
6	29	-0.638318	-0.137	-0.862	0.872571
6	30	-0.680392	-0.070	-0.919	0.921213

7	0	-0.302856	0.000	-0.988	0.988468
7	1	-0.296656	0.030	-0.968	0.968714
7	2	-0.278311	0.060	-0.908	0.910321
7	3	-0.248573	0.087	-0.811	0.815898
7	4	-0.208657	0.110	-0.681	0.689809
7	5	-0.160200	0.129	-0.523	0.538425
7	6	-0.105183	0.142	-0.343	0.371510
7	7	-0.045861	0.150	-0.150	0.211682
7	8	0.015339	0.151	0.050	0.159305
7	9	0.075912	0.147	0.248	0.287882
7	10	0.133376	0.136	0.435	0.456051
7	11	0.185380	0.120	0.605	0.616783
7	12	0.229794	0.099	0.750	0.756467
7	13	0.264801	0.073	0.864	0.867383
7	14	0.288966	0.045	0.943	0.944225
7	15	0.301302	0.015	0.983	0.983516
7	16	0.301302	-0.015	0.983	0.983516
7	17	0.288966	-0.045	0.943	0.944225
7	18	0.264801	-0.073	0.864	0.867383
7	19	0.229794	-0.099	0.750	0.756467
7	20	0.185380	-0.120	0.605	0.616783
7	21	0.133376	-0.136	0.435	0.456051
7	22	0.075912	-0.147	0.248	0.287882
7	23	0.015339	-0.151	0.050	0.159305
7	24	-0.045861	-0.150	-0.150	0.211682
7	25	-0.105183	-0.142	-0.343	0.371510
7	26	-0.160200	-0.129	-0.523	0.538425
7	27	-0.208657	-0.110	-0.681	0.689809
7	28	-0.248573	-0.087	-0.811	0.815898
7	29	-0.278311	-0.060	-0.908	0.910321
7	30	-0.296656	-0.030	-0.968	0.968714

8	0	0.101298	-0.000	-0.999	0.998717
8	1	0.099225	-0.010	-0.978	0.978326
8	2	0.093089	-0.020	-0.918	0.917996
8	3	0.083142	-0.029	-0.820	0.820221
8	4	0.069791	-0.037	-0.688	0.689061
8	5	0.053583	-0.043	-0.528	0.530031
8	6	0.035181	-0.047	-0.347	0.350096
8	7	0.015339	-0.050	-0.151	0.159305
8	8	-0.005131	-0.051	0.051	0.071537
8	9	-0.025391	-0.049	0.250	0.255088
8	10	-0.044611	-0.045	0.440	0.442173
8	11	-0.062005	-0.040	0.611	0.612631
8	12	-0.076861	-0.033	0.758	0.758502
8	13	-0.088570	-0.025	0.873	0.873570
8	14	-0.096653	-0.015	0.953	0.953035
8	15	-0.100779	-0.005	0.994	0.993606
8	16	-0.100779	0.005	0.994	0.993606
8	17	-0.096653	0.015	0.953	0.953035
8	18	-0.088570	0.025	0.873	0.873570
8	19	-0.076861	0.033	0.758	0.758502
8	20	-0.062005	0.040	0.611	0.612631
8	21	-0.044611	0.045	0.440	0.442173
8	22	-0.025391	0.049	0.250	0.255088
8	23	-0.005131	0.051	0.051	0.071537
8	24	0.015339	0.050	-0.151	0.159305
8	25	0.035181	0.047	-0.347	0.350096
8	26	0.053583	0.043	-0.528	0.530031
8	27	0.069791	0.037	-0.688	0.689061
8	28	0.083142	0.029	-0.820	0.820221
8	29	0.093089	0.020	-0.918	0.917996
8	30	0.099225	0.010	-0.978	0.978326

9	0	0.501305	-0.000	-0.968	0.968077
9	1	0.491043	-0.050	-0.948	0.949602
9	2	0.460678	-0.099	-0.890	0.895097
9	3	0.411453	-0.143	-0.795	0.807361
9	4	0.345383	-0.182	-0.667	0.691272
9	5	0.265172	-0.213	-0.512	0.554501
9	6	0.174106	-0.235	-0.336	0.410233
9	7	0.075912	-0.248	-0.147	0.287882
9	8	-0.025391	-0.250	0.049	0.255088
9	9	-0.125653	-0.243	0.243	0.343160
9	10	-0.220772	-0.225	0.426	0.482083
9	11	-0.306852	-0.198	0.593	0.624837
9	12	-0.380369	-0.163	0.735	0.752463
9	13	-0.438314	-0.122	0.846	0.855131
9	14	-0.478315	-0.075	0.924	0.926723
9	15	-0.498733	-0.025	0.963	0.963444
9	16	-0.498733	0.025	0.963	0.963444
9	17	-0.478315	0.075	0.924	0.926723
9	18	-0.438314	0.122	0.846	0.855131
9	19	-0.380369	0.163	0.735	0.752463
9	20	-0.306852	0.198	0.593	0.624837
9	21	-0.220772	0.225	0.426	0.482083
9	22	-0.125653	0.243	0.243	0.343160
9	23	-0.025391	0.250	0.049	0.255088
9	24	0.075912	0.248	-0.147	0.287882
9	25	0.174106	0.235	-0.336	0.410233
9	26	0.265172	0.213	-0.512	0.554501
9	27	0.345383	0.182	-0.667	0.691272
9	28	0.411453	0.143	-0.795	0.807361
9	29	0.460678	0.099	-0.890	0.895097
9	30	0.491043	0.050	-0.948	0.949602

10	0	0.880788	-0.000	-0.898	0.897805
10	1	0.862759	-0.089	-0.879	0.883883
10	2	0.809407	-0.174	-0.825	0.843125
10	3	0.722919	-0.252	-0.737	0.778649
10	4	0.606834	-0.319	-0.619	0.696059
10	5	0.465905	-0.374	-0.475	0.604331
10	6	0.305902	-0.413	-0.312	0.517474
10	7	0.133376	-0.435	-0.136	0.456051
10	8	-0.044611	-0.440	0.045	0.442173
10	9	-0.220772	-0.426	0.225	0.482083
10	10	-0.387894	-0.395	0.395	0.559163
10	11	-0.539136	-0.348	0.550	0.650605
10	12	-0.668305	-0.287	0.681	0.739151
10	13	-0.770114	-0.214	0.785	0.813567
10	14	-0.840395	-0.132	0.857	0.866716
10	15	-0.876269	-0.045	0.893	0.894309
10	16	-0.876269	0.045	0.893	0.894309
10	17	-0.840395	0.132	0.857	0.866716
10	18	-0.770114	0.214	0.785	0.813567
10	19	-0.668305	0.287	0.681	0.739151
10	20	-0.539136	0.348	0.550	0.650605
10	21	-0.387894	0.395	0.395	0.559163
10	22	-0.220772	0.426	0.225	0.482083
10	23	-0.044611	0.440	0.045	0.442173
10	24	0.133376	0.435	-0.136	0.456051
10	25	0.305902	0.413	-0.312	0.517474
10	26	0.465905	0.374	-0.475	0.604331
10	27	0.606834	0.319	-0.619	0.696059
10	28	0.722919	0.252	-0.737	0.778649
10	29	0.809407	0.174	-0.825	0.843125
10	30	0.862759	0.089	-0.879	0.883883

11	0	1.224212	-0.000	-0.791	0.790776
11	1	1.199152	-0.123	-0.775	0.784327
11	2	1.124999	-0.241	-0.727	0.765732
11	3	1.004788	-0.350	-0.649	0.737242
11	4	0.843442	-0.444	-0.545	0.702604
11	5	0.647564	-0.519	-0.418	0.666939
11	6	0.425175	-0.574	-0.275	0.636324
11	7	0.185380	-0.605	-0.120	0.616783
11	8	-0.062005	-0.611	0.040	0.612631
11	9	-0.306852	-0.593	0.198	0.624837
11	10	-0.539136	-0.550	0.348	0.650605
11	11	-0.749347	-0.484	0.484	0.684534
11	12	-0.928881	-0.399	0.600	0.720401
11	13	-1.070386	-0.297	0.691	0.752524
11	14	-1.168069	-0.183	0.755	0.776443
11	15	-1.217931	-0.062	0.787	0.789152
11	16	-1.217931	0.062	0.787	0.789152
11	17	-1.168069	0.183	0.755	0.776443
11	18	-1.070386	0.297	0.691	0.752524
11	19	-0.928881	0.399	0.600	0.720401
11	20	-0.749347	0.484	0.484	0.684534
11	21	-0.539136	0.550	0.348	0.650605
11	22	-0.306852	0.593	0.198	0.624837
11	23	-0.062005	0.611	0.040	0.612631
11	24	0.185380	0.605	-0.120	0.616783
11	25	0.425175	0.574	-0.275	0.636324
11	26	0.647564	0.519	-0.418	0.666939
11	27	0.843442	0.444	-0.545	0.702604
11	28	1.004788	0.350	-0.649	0.737242
11	29	1.124999	0.241	-0.727	0.765732
11	30	1.199152	0.123	-0.775	0.784327

12	0	1.517516	-0.000	-0.651	0.651372
12	1	1.486453	-0.153	-0.638	0.656066
12	2	1.394533	-0.299	-0.599	0.669205
12	3	1.245522	-0.433	-0.535	0.688262
12	4	1.045518	-0.550	-0.449	0.709813
12	5	0.802711	-0.644	-0.345	0.730304
12	6	0.527041	-0.712	-0.226	0.746625
12	7	0.229794	-0.750	-0.099	0.756467
12	8	-0.076861	-0.758	0.033	0.758502
12	9	-0.380369	-0.735	0.163	0.752463
12	10	-0.668305	-0.681	0.287	0.739151
12	11	-0.928881	-0.600	0.399	0.720401
12	12	-1.151428	-0.494	0.494	0.698953
12	13	-1.326835	-0.368	0.570	0.678196
12	14	-1.447922	-0.227	0.622	0.661707
12	15	-1.509730	-0.077	0.648	0.652561
12	16	-1.509730	0.077	0.648	0.652561
12	17	-1.447922	0.227	0.622	0.661707
12	18	-1.326835	0.368	0.570	0.678196
12	19	-1.151428	0.494	0.494	0.698953
12	20	-0.928881	0.600	0.399	0.720401
12	21	-0.668305	0.681	0.287	0.739151
12	22	-0.380369	0.735	0.163	0.752463
12	23	-0.076861	0.758	0.033	0.758502
12	24	0.229794	0.750	-0.099	0.756467
12	25	0.527041	0.712	-0.226	0.746625
12	26	0.802711	0.644	-0.345	0.730304
12	27	1.045518	0.550	-0.449	0.709813
12	28	1.245522	0.433	-0.535	0.688262
12	29	1.394533	0.299	-0.599	0.669205
12	30	1.486453	0.153	-0.638	0.656066

13	0	1.748693	-0.000	-0.485	0.485302
13	1	1.712897	-0.176	-0.475	0.506905
13	2	1.606975	-0.345	-0.446	0.563720
13	3	1.435263	-0.499	-0.398	0.638861
13	4	1.204792	-0.634	-0.334	0.716516
13	5	0.924996	-0.742	-0.257	0.785160
13	6	0.607330	-0.820	-0.169	0.837065
13	7	0.264801	-0.864	-0.073	0.867383
13	8	-0.088570	-0.873	0.025	0.873570
13	9	-0.438314	-0.846	0.122	0.855131
13	10	-0.770114	-0.785	0.214	0.813567
13	11	-1.070386	-0.691	0.297	0.752524
13	12	-1.326835	-0.570	0.368	0.678196
13	13	-1.528964	-0.424	0.424	0.600082
13	14	-1.668497	-0.262	0.463	0.531905
13	15	-1.739721	-0.088	0.483	0.490848
13	16	-1.739721	0.088	0.483	0.490848
13	17	-1.668497	0.262	0.463	0.531905
13	18	-1.528964	0.424	0.424	0.600082
13	19	-1.326835	0.570	0.368	0.678196
13	20	-1.070386	0.691	0.297	0.752524
13	21	-0.770114	0.785	0.214	0.813567
13	22	-0.438314	0.846	0.122	0.855131
13	23	-0.088570	0.873	0.025	0.873570
13	24	0.264801	0.864	-0.073	0.867383
13	25	0.607330	0.820	-0.169	0.837065
13	26	0.924996	0.742	-0.257	0.785160
13	27	1.204792	0.634	-0.334	0.716516
13	28	1.435263	0.499	-0.398	0.638861
13	29	1.606975	0.345	-0.446	0.563720
13	30	1.712897	0.176	-0.475	0.506905

14	0	1.908279	-0.000	-0.299	0.299363
14	1	1.869216	-0.192	-0.293	0.350537
14	2	1.753627	-0.376	-0.275	0.466112
14	3	1.566245	-0.545	-0.246	0.597890
14	4	1.314741	-0.692	-0.206	0.721655
14	5	1.009411	-0.810	-0.158	0.825063
14	6	0.662755	-0.895	-0.104	0.900767
14	7	0.288966	-0.943	-0.045	0.944225
14	8	-0.096653	-0.953	0.015	0.953035
14	9	-0.478315	-0.924	0.075	0.926723
14	10	-0.840395	-0.857	0.132	0.866716
14	11	-1.168069	-0.755	0.183	0.776443
14	12	-1.447922	-0.622	0.227	0.661707
14	13	-1.668497	-0.463	0.262	0.531905
14	14	-1.820763	-0.286	0.286	0.403948
14	15	-1.898488	-0.097	0.298	0.313080
14	16	-1.898488	0.097	0.298	0.313080
14	17	-1.820763	0.286	0.286	0.403948
14	18	-1.668497	0.463	0.262	0.531905
14	19	-1.447922	0.622	0.227	0.661707
14	20	-1.168069	0.755	0.183	0.776443
14	21	-0.840395	0.857	0.132	0.866716
14	22	-0.478315	0.924	0.075	0.926723
14	23	-0.096653	0.953	0.015	0.953035
14	24	0.288966	0.943	-0.045	0.944225
14	25	0.662755	0.895	-0.104	0.900767
14	26	1.009411	0.810	-0.158	0.825063
14	27	1.314741	0.692	-0.206	0.721655
14	28	1.566245	0.545	-0.246	0.597890
14	29	1.753627	0.376	-0.275	0.466112
14	30	1.869216	0.192	-0.293	0.350537

15	0	1.989739	-0.000	-0.101	0.101168
15	1	1.949009	-0.200	-0.099	0.223443
15	2	1.828486	-0.392	-0.093	0.403197
15	3	1.633105	-0.568	-0.083	0.574371
15	4	1.370864	-0.721	-0.070	0.724435
15	5	1.052500	-0.844	-0.054	0.845984
15	6	0.691047	-0.933	-0.035	0.933602
15	7	0.301302	-0.983	-0.015	0.983516
15	8	-0.100779	-0.994	0.005	0.993606
15	9	-0.498733	-0.963	0.025	0.963444
15	10	-0.876269	-0.893	0.045	0.894309
15	11	-1.217931	-0.787	0.062	0.789152
15	12	-1.509730	-0.648	0.077	0.652561
15	13	-1.739721	-0.483	0.088	0.490848
15	14	-1.898488	-0.298	0.097	0.313080
15	15	-1.979530	-0.101	0.101	0.142340
15	16	-1.979530	0.101	0.101	0.142340
15	17	-1.898488	0.298	0.097	0.313080
15	18	-1.739721	0.483	0.088	0.490848
15	19	-1.509730	0.648	0.077	0.652561
15	20	-1.217931	0.787	0.062	0.789152
15	21	-0.876269	0.893	0.045	0.894309
15	22	-0.498733	0.963	0.025	0.963444
15	23	-0.100779	0.994	0.005	0.993606
15	24	0.301302	0.983	-0.015	0.983516
15	25	0.691047	0.933	-0.035	0.933602
15	26	1.052500	0.844	-0.054	0.845984
15	27	1.370864	0.721	-0.070	0.724435
15	28	1.633105	0.568	-0.083	0.574371
15	29	1.828486	0.392	-0.093	0.403197
15	30	1.949009	0.200	-0.099	0.223443

16	0	1.989739	-0.000	0.101	0.101168
16	1	1.949009	-0.200	0.099	0.223443
16	2	1.828486	-0.392	0.093	0.403197
16	3	1.633105	-0.568	0.083	0.574371
16	4	1.370864	-0.721	0.070	0.724435
16	5	1.052500	-0.844	0.054	0.845984
16	6	0.691047	-0.933	0.035	0.933602
16	7	0.301302	-0.983	0.015	0.983516
16	8	-0.100779	-0.994	-0.005	0.993606
16	9	-0.498733	-0.963	-0.025	0.963444
16	10	-0.876269	-0.893	-0.045	0.894309
16	11	-1.217931	-0.787	-0.062	0.789152
16	12	-1.509730	-0.648	-0.077	0.652561
16	13	-1.739721	-0.483	-0.088	0.490848
16	14	-1.898488	-0.298	-0.097	0.313080
16	15	-1.979530	-0.101	-0.101	0.142340
16	16	-1.979530	0.101	-0.101	0.142340
16	17	-1.898488	0.298	-0.097	0.313080
16	18	-1.739721	0.483	-0.088	0.490848
16	19	-1.509730	0.648	-0.077	0.652561
16	20	-1.217931	0.787	-0.062	0.789152
16	21	-0.876269	0.893	-0.045	0.894309
16	22	-0.498733	0.963	-0.025	0.963444
16	23	-0.100779	0.994	-0.005	0.993606
16	24	0.301302	0.983	0.015	0.983516
16	25	0.691047	0.933	0.035	0.933602
16	26	1.052500	0.844	0.054	0.845984
16	27	1.370864	0.721	0.070	0.724435
16	28	1.633105	0.568	0.083	0.574371
16	29	1.828486	0.392	0.093	0.403197
16	30	1.949009	0.200	0.099	0.223443

17	0	1.908279	-0.000	0.299	0.299363
17	1	1.869216	-0.192	0.293	0.350537
17	2	1.753627	-0.376	0.275	0.466112
17	3	1.566245	-0.545	0.246	0.597890
17	4	1.314741	-0.692	0.206	0.721655
17	5	1.009411	-0.810	0.158	0.825063
17	6	0.662755	-0.895	0.104	0.900767
17	7	0.288966	-0.943	0.045	0.944225
17	8	-0.096653	-0.953	-0.015	0.953035
17	9	-0.478315	-0.924	-0.075	0.926723
17	10	-0.840395	-0.857	-0.132	0.866716
17	11	-1.168069	-0.755	-0.183	0.776443
17	12	-1.447922	-0.622	-0.227	0.661707
17	13	-1.668497	-0.463	-0.262	0.531905
17	14	-1.820763	-0.286	-0.286	0.403948
17	15	-1.898488	-0.097	-0.298	0.313080
17	16	-1.898488	0.097	-0.298	0.313080
17	17	-1.820763	0.286	-0.286	0.403948
17	18	-1.668497	0.463	-0.262	0.531905
17	19	-1.447922	0.622	-0.227	0.661707
17	20	-1.168069	0.755	-0.183	0.776443
17	21	-0.840395	0.857	-0.132	0.866716
17	22	-0.478315	0.924	-0.075	0.926723
17	23	-0.096653	0.953	-0.015	0.953035
17	24	0.288966	0.943	0.045	0.944225
17	25	0.662755	0.895	0.104	0.900767
17	26	1.009411	0.810	0.158	0.825063
17	27	1.314741	0.692	0.206	0.721655
17	28	1.566245	0.545	0.246	0.597890
17	29	1.753627	0.376	0.275	0.466112
17	30	1.869216	0.192	0.293	0.350537

18	0	1.748693	-0.000	0.485	0.485302
18	1	1.712897	-0.176	0.475	0.506905
18	2	1.606975	-0.345	0.446	0.563720
18	3	1.435263	-0.499	0.398	0.638861
18	4	1.204792	-0.634	0.334	0.716516
18	5	0.924996	-0.742	0.257	0.785160
18	6	0.607330	-0.820	0.169	0.837065
18	7	0.264801	-0.864	0.073	0.867383
18	8	-0.088570	-0.873	-0.025	0.873570
18	9	-0.438314	-0.846	-0.122	0.855131
18	10	-0.770114	-0.785	-0.214	0.813567
18	11	-1.070386	-0.691	-0.297	0.752524
18	12	-1.326835	-0.570	-0.368	0.678196
18	13	-1.528964	-0.424	-0.424	0.600082
18	14	-1.668497	-0.262	-0.463	0.531905
18	15	-1.739721	-0.088	-0.483	0.490848
18	16	-1.739721	0.088	-0.483	0.490848
18	17	-1.668497	0.262	-0.463	0.531905
18	18	-1.528964	0.424	-0.424	0.600082
18	19	-1.326835	0.570	-0.368	0.678196
18	20	-1.070386	0.691	-0.297	0.752524
18	21	-0.770114	0.785	-0.214	0.813567
18	22	-0.438314	0.846	-0.122	0.855131
18	23	-0.088570	0.873	-0.025	0.873570
18	24	0.264801	0.864	0.073	0.867383
18	25	0.607330	0.820	0.169	0.837065
18	26	0.924996	0.742	0.257	0.785160
18	27	1.204792	0.634	0.334	0.716516
18	28	1.435263	0.499	0.398	0.638861
18	29	1.606975	0.345	0.446	0.563720
18	30	1.712897	0.176	0.475	0.506905

19	0	1.517516	-0.000	0.651	0.651372
19	1	1.486453	-0.153	0.638	0.656066
19	2	1.394533	-0.299	0.599	0.669205
19	3	1.245522	-0.433	0.535	0.688262
19	4	1.045518	-0.550	0.449	0.709813
19	5	0.802711	-0.644	0.345	0.730304
19	6	0.527041	-0.712	0.226	0.746625
19	7	0.229794	-0.750	0.099	0.756467
19	8	-0.076861	-0.758	-0.033	0.758502
19	9	-0.380369	-0.735	-0.163	0.752463
19	10	-0.668305	-0.681	-0.287	0.739151
19	11	-0.928881	-0.600	-0.399	0.720401
19	12	-1.151428	-0.494	-0.494	0.698953
19	13	-1.326835	-0.368	-0.570	0.678196
19	14	-1.447922	-0.227	-0.622	0.661707
19	15	-1.509730	-0.077	-0.648	0.652561
19	16	-1.509730	0.077	-0.648	0.652561
19	17	-1.447922	0.227	-0.622	0.661707
19	18	-1.326835	0.368	-0.570	0.678196
19	19	-1.151428	0.494	-0.494	0.698953
19	20	-0.928881	0.600	-0.399	0.720401
19	21	-0.668305	0.681	-0.287	0.739151
19	22	-0.380369	0.735	-0.163	0.752463
19	23	-0.076861	0.758	-0.033	0.758502
19	24	0.229794	0.750	0.099	0.756467
19	25	0.527041	0.712	0.226	0.746625
19	26	0.802711	0.644	0.345	0.730304
19	27	1.045518	0.550	0.449	0.709813
19	28	1.245522	0.433	0.535	0.688262
19	29	1.394533	0.299	0.599	0.669205
19	30	1.486453	0.153	0.638	0.656066

20	0	1.224212	-0.000	0.791	0.790776
20	1	1.199152	-0.123	0.775	0.784327
20	2	1.124999	-0.241	0.727	0.765732
20	3	1.004788	-0.350	0.649	0.737242
20	4	0.843442	-0.444	0.545	0.702604
20	5	0.647564	-0.519	0.418	0.666939
20	6	0.425175	-0.574	0.275	0.636324
20	7	0.185380	-0.605	0.120	0.616783
20	8	-0.062005	-0.611	-0.040	0.612631
20	9	-0.306852	-0.593	-0.198	0.624837
20	10	-0.539136	-0.550	-0.348	0.650605
20	11	-0.749347	-0.484	-0.484	0.684534
20	12	-0.928881	-0.399	-0.600	0.720401
20	13	-1.070386	-0.297	-0.691	0.752524
20	14	-1.168069	-0.183	-0.755	0.776443
20	15	-1.217931	-0.062	-0.787	0.789152
20	16	-1.217931	0.062	-0.787	0.789152
20	17	-1.168069	0.183	-0.755	0.776443
20	18	-1.070386	0.297	-0.691	0.752524
20	19	-0.928881	0.399	-0.600	0.720401
20	20	-0.749347	0.484	-0.484	0.684534
20	21	-0.539136	0.550	-0.348	0.650605
20	22	-0.306852	0.593	-0.198	0.624837
20	23	-0.062005	0.611	-0.040	0.612631
20	24	0.185380	0.605	0.120	0.616783
20	25	0.425175	0.574	0.275	0.636324
20	26	0.647564	0.519	0.418	0.666939
20	27	0.843442	0.444	0.545	0.702604
20	28	1.004788	0.350	0.649	0.737242
20	29	1.124999	0.241	0.727	0.765732
20	30	1.199152	0.123	0.775	0.784327

21	0	0.880788	-0.000	0.898	0.897805
21	1	0.862759	-0.089	0.879	0.883883
21	2	0.809407	-0.174	0.825	0.843125
21	3	0.722919	-0.252	0.737	0.778649
21	4	0.606834	-0.319	0.619	0.696059
21	5	0.465905	-0.374	0.475	0.604331
21	6	0.305902	-0.413	0.312	0.517474
21	7	0.133376	-0.435	0.136	0.456051
21	8	-0.044611	-0.440	-0.045	0.442173
21	9	-0.220772	-0.426	-0.225	0.482083
21	10	-0.387894	-0.395	-0.395	0.559163
21	11	-0.539136	-0.348	-0.550	0.650605
21	12	-0.668305	-0.287	-0.681	0.739151
21	13	-0.770114	-0.214	-0.785	0.813567
21	14	-0.840395	-0.132	-0.857	0.866716
21	15	-0.876269	-0.045	-0.893	0.894309
21	16	-0.876269	0.045	-0.893	0.894309
21	17	-0.840395	0.132	-0.857	0.866716
21	18	-0.770114	0.214	-0.785	0.813567
21	19	-0.668305	0.287	-0.681	0.739151
21	20	-0.539136	0.348	-0.550	0.650605
21	21	-0.387894	0.395	-0.395	0.559163
21	22	-0.220772	0.426	-0.225	0.482083
21	23	-0.044611	0.440	-0.045	0.442173
21	24	0.133376	0.435	0.136	0.456051
21	25	0.305902	0.413	0.312	0.517474
21	26	0.465905	0.374	0.475	0.604331
21	27	0.606834	0.319	0.619	0.696059
21	28	0.722919	0.252	0.737	0.778649
21	29	0.809407	0.174	0.825	0.843125
21	30	0.862759	0.089	0.879	0.883883

22	0	0.501305	-0.000	0.968	0.968077
22	1	0.491043	-0.050	0.948	0.949602
22	2	0.460678	-0.099	0.890	0.895097
22	3	0.411453	-0.143	0.795	0.807361
22	4	0.345383	-0.182	0.667	0.691272
22	5	0.265172	-0.213	0.512	0.554501
22	6	0.174106	-0.235	0.336	0.410233
22	7	0.075912	-0.248	0.147	0.287882
22	8	-0.025391	-0.250	-0.049	0.255088
22	9	-0.125653	-0.243	-0.243	0.343160
22	10	-0.220772	-0.225	-0.426	0.482083
22	11	-0.306852	-0.198	-0.593	0.624837
22	12	-0.380369	-0.163	-0.735	0.752463
22	13	-0.438314	-0.122	-0.846	0.855131
22	14	-0.478315	-0.075	-0.924	0.926723
22	15	-0.498733	-0.025	-0.963	0.963444
22	16	-0.498733	0.025	-0.963	0.963444
22	17	-0.478315	0.075	-0.924	0.926723
22	18	-0.438314	0.122	-0.846	0.855131
22	19	-0.380369	0.163	-0.735	0.752463
22	20	-0.306852	0.198	-0.593	0.624837
22	21	-0.220772	0.225	-0.426	0.482083
22	22	-0.125653	0.243	-0.243	0.343160
22	23	-0.025391	0.250	-0.049	0.255088
22	24	0.075912	0.248	0.147	0.287882
22	25	0.174106	0.235	0.336	0.410233
22	26	0.265172	0.213	0.512	0.554501
22	27	0.345383	0.182	0.667	0.691272
22	28	0.411453	0.143	0.795	0.807361
22	29	0.460678	0.099	0.890	0.895097
22	30	0.491043	0.050	0.948	0.949602

23	0	0.101298	-0.000	0.999	0.998717
23	1	0.099225	-0.010	0.978	0.978326
23	2	0.093089	-0.020	0.918	0.917996
23	3	0.083142	-0.029	0.820	0.820221
23	4	0.069791	-0.037	0.688	0.689061
23	5	0.053583	-0.043	0.528	0.530031
23	6	0.035181	-0.047	0.347	0.350096
23	7	0.015339	-0.050	0.151	0.159305
23	8	-0.005131	-0.051	-0.051	0.071537
23	9	-0.025391	-0.049	-0.250	0.255088
23	10	-0.044611	-0.045	-0.440	0.442173
23	11	-0.062005	-0.040	-0.611	0.612631
23	12	-0.076861	-0.033	-0.758	0.758502
23	13	-0.088570	-0.025	-0.873	0.873570
23	14	-0.096653	-0.015	-0.953	0.953035
23	15	-0.100779	-0.005	-0.994	0.993606
23	16	-0.100779	0.005	-0.994	0.993606
23	17	-0.096653	0.015	-0.953	0.953035
23	18	-0.088570	0.025	-0.873	0.873570
23	19	-0.076861	0.033	-0.758	0.758502
23	20	-0.062005	0.040	-0.611	0.612631
23	21	-0.044611	0.045	-0.440	0.442173
23	22	-0.025391	0.049	-0.250	0.255088
23	23	-0.005131	0.051	-0.051	0.071537
23	24	0.015339	0.050	0.151	0.159305
23	25	0.035181	0.047	0.347	0.350096
23	26	0.053583	0.043	0.528	0.530031
23	27	0.069791	0.037	0.688	0.689061
23	28	0.083142	0.029	0.820	0.820221
23	29	0.093089	0.020	0.918	0.917996
23	30	0.099225	0.010	0.978	0.978326

24	0	-0.302856	0.000	0.988	0.988468
24	1	-0.296656	0.030	0.968	0.968714
24	2	-0.278311	0.060	0.908	0.910321
24	3	-0.248573	0.087	0.811	0.815898
24	4	-0.208657	0.110	0.681	0.689809
24	5	-0.160200	0.129	0.523	0.538425
24	6	-0.105183	0.142	0.343	0.371510
24	7	-0.045861	0.150	0.150	0.211682
24	8	0.015339	0.151	-0.050	0.159305
24	9	0.075912	0.147	-0.248	0.287882
24	10	0.133376	0.136	-0.435	0.456051
24	11	0.185380	0.120	-0.605	0.616783
24	12	0.229794	0.099	-0.750	0.756467
24	13	0.264801	0.073	-0.864	0.867383
24	14	0.288966	0.045	-0.943	0.944225
24	15	0.301302	0.015	-0.983	0.983516
24	16	0.301302	-0.015	-0.983	0.983516
24	17	0.288966	-0.045	-0.943	0.944225
24	18	0.264801	-0.073	-0.864	0.867383
24	19	0.229794	-0.099	-0.750	0.756467
24	20	0.185380	-0.120	-0.605	0.616783
24	21	0.133376	-0.136	-0.435	0.456051
24	22	0.075912	-0.147	-0.248	0.287882
24	23	0.015339	-0.151	-0.050	0.159305
24	24	-0.045861	-0.150	0.150	0.211682
24	25	-0.105183	-0.142	0.343	0.371510
24	26	-0.160200	-0.129	0.523	0.538425
24	27	-0.208657	-0.110	0.681	0.689809
24	28	-0.248573	-0.087	0.811	0.815898
24	29	-0.278311	-0.060	0.908	0.910321
24	30	-0.296656	-0.030	0.968	0.968714

25	0	-0.694611	0.000	0.938	0.937752
25	1	-0.680392	0.070	0.919	0.921213
25	2	-0.638318	0.137	0.862	0.872571
25	3	-0.570111	0.198	0.770	0.794834
25	4	-0.478564	0.252	0.646	0.693386
25	5	-0.367424	0.295	0.496	0.576995
25	6	-0.241242	0.326	0.326	0.460590
25	7	-0.105183	0.343	0.142	0.371510
25	8	0.035181	0.347	-0.047	0.350096
25	9	0.174106	0.336	-0.235	0.410233
25	10	0.305902	0.312	-0.413	0.517474
25	11	0.425175	0.275	-0.574	0.636324
25	12	0.527041	0.226	-0.712	0.746625
25	13	0.607330	0.169	-0.820	0.837065
25	14	0.662755	0.104	-0.895	0.900767
25	15	0.691047	0.035	-0.933	0.933602
25	16	0.691047	-0.035	-0.933	0.933602
25	17	0.662755	-0.104	-0.895	0.900767
25	18	0.607330	-0.169	-0.820	0.837065
25	19	0.527041	-0.226	-0.712	0.746625
25	20	0.425175	-0.275	-0.574	0.636324
25	21	0.305902	-0.312	-0.413	0.517474
25	22	0.174106	-0.336	-0.235	0.410233
25	23	0.035181	-0.347	-0.047	0.350096
25	24	-0.105183	-0.343	0.142	0.371510
25	25	-0.241242	-0.326	0.326	0.460590
25	26	-0.367424	-0.295	0.496	0.576995
25	27	-0.478564	-0.252	0.646	0.693386
25	28	-0.570111	-0.198	0.770	0.794834
25	29	-0.638318	-0.137	0.862	0.872571
25	30	-0.680392	-0.070	0.919	0.921213

26	0	-1.057928	0.000	0.849	0.848644
26	1	-1.036272	0.106	0.831	0.838064
26	2	-0.972191	0.209	0.780	0.807285
26	3	-0.868309	0.302	0.697	0.759260
26	4	-0.728877	0.383	0.585	0.699176
26	5	-0.559606	0.449	0.449	0.634844
26	6	-0.367424	0.496	0.295	0.576995
26	7	-0.160200	0.523	0.129	0.538425
26	8	0.053583	0.528	-0.043	0.530031
26	9	0.265172	0.512	-0.213	0.554501
26	10	0.465905	0.475	-0.374	0.604331
26	11	0.647564	0.418	-0.519	0.666939
26	12	0.802711	0.345	-0.644	0.730304
26	13	0.924996	0.257	-0.742	0.785160
26	14	1.009411	0.158	-0.810	0.825063
26	15	1.052500	0.054	-0.844	0.845984
26	16	1.052500	-0.054	-0.844	0.845984
26	17	1.009411	-0.158	-0.810	0.825063
26	18	0.924996	-0.257	-0.742	0.785160
26	19	0.802711	-0.345	-0.644	0.730304
26	20	0.647564	-0.418	-0.519	0.666939
26	21	0.465905	-0.475	-0.374	0.604331
26	22	0.265172	-0.512	-0.213	0.554501
26	23	0.053583	-0.528	-0.043	0.530031
26	24	-0.160200	-0.523	0.129	0.538425
26	25	-0.367424	-0.496	0.295	0.576995
26	26	-0.559606	-0.449	0.449	0.634844
26	27	-0.728877	-0.383	0.585	0.699176
26	28	-0.868309	-0.302	0.697	0.759260
26	29	-0.972191	-0.209	0.780	0.807285
26	30	-1.036272	-0.106	0.831	0.838064

27	0	-1.377934	0.000	0.725	0.724793
27	1	-1.349727	0.139	0.710	0.723376
27	2	-1.266263	0.272	0.666	0.719338
27	3	-1.130958	0.394	0.595	0.713299
27	4	-0.949351	0.499	0.499	0.706199
27	5	-0.728877	0.585	0.383	0.699176
27	6	-0.478564	0.646	0.252	0.693386
27	7	-0.208657	0.681	0.110	0.689809
27	8	0.069791	0.688	-0.037	0.689061
27	9	0.345383	0.667	-0.182	0.691272
27	10	0.606834	0.619	-0.319	0.696059
27	11	0.843442	0.545	-0.444	0.702604
27	12	1.045518	0.449	-0.550	0.709813
27	13	1.204792	0.334	-0.634	0.716516
27	14	1.314741	0.206	-0.692	0.721655
27	15	1.370864	0.070	-0.721	0.724435
27	16	1.370864	-0.070	-0.721	0.724435
27	17	1.314741	-0.206	-0.692	0.721655
27	18	1.204792	-0.334	-0.634	0.716516
27	19	1.045518	-0.449	-0.550	0.709813
27	20	0.843442	-0.545	-0.444	0.702604
27	21	0.606834	-0.619	-0.319	0.696059
27	22	0.345383	-0.667	-0.182	0.691272
27	23	0.069791	-0.688	-0.037	0.689061
27	24	-0.208657	-0.681	0.110	0.689809
27	25	-0.478564	-0.646	0.252	0.693386
27	26	-0.728877	-0.585	0.383	0.699176
27	27	-0.949351	-0.499	0.499	0.706199
27	28	-1.130958	-0.394	0.595	0.713299
27	29	-1.266263	-0.272	0.666	0.719338
27	30	-1.349727	-0.139	0.710	0.723376

28	0	-1.641527	0.000	0.571	0.571268
28	1	-1.607925	0.165	0.560	0.583456
28	2	-1.508494	0.324	0.525	0.616733
28	3	-1.347305	0.469	0.469	0.663091
28	4	-1.130958	0.595	0.394	0.713299
28	5	-0.868309	0.697	0.302	0.759260
28	6	-0.570111	0.770	0.198	0.794834
28	7	-0.248573	0.811	0.087	0.815898
28	8	0.083142	0.820	-0.029	0.820221
28	9	0.411453	0.795	-0.143	0.807361
28	10	0.722919	0.737	-0.252	0.778649
28	11	1.004788	0.649	-0.350	0.737242
28	12	1.245522	0.535	-0.433	0.688262
28	13	1.435263	0.398	-0.499	0.638861
28	14	1.566245	0.246	-0.545	0.597890
28	15	1.633105	0.083	-0.568	0.574371
28	16	1.633105	-0.083	-0.568	0.574371
28	17	1.566245	-0.246	-0.545	0.597890
28	18	1.435263	-0.398	-0.499	0.638861
28	19	1.245522	-0.535	-0.433	0.688262
28	20	1.004788	-0.649	-0.350	0.737242
28	21	0.722919	-0.737	-0.252	0.778649
28	22	0.411453	-0.795	-0.143	0.807361
28	23	0.083142	-0.820	-0.029	0.820221
28	24	-0.248573	-0.811	0.087	0.815898
28	25	-0.570111	-0.770	0.198	0.794834
28	26	-0.868309	-0.697	0.302	0.759260
28	27	-1.130958	-0.595	0.394	0.713299
28	28	-1.347305	-0.469	0.469	0.663091
28	29	-1.508494	-0.324	0.525	0.616733
28	30	-1.607925	-0.165	0.560	0.583456

29	0	-1.837916	0.000	0.394	0.394356
29	1	-1.800293	0.185	0.386	0.428292
29	2	-1.688967	0.362	0.362	0.512506
29	3	-1.508494	0.525	0.324	0.616733
29	4	-1.266263	0.666	0.272	0.719338
29	5	-0.972191	0.780	0.209	0.807285
29	6	-0.638318	0.862	0.137	0.872571
29	7	-0.278311	0.908	0.060	0.910321
29	8	0.093089	0.918	-0.020	0.917996
29	9	0.460678	0.890	-0.099	0.895097
29	10	0.809407	0.825	-0.174	0.843125
29	11	1.124999	0.727	-0.241	0.765732
29	12	1.394533	0.599	-0.299	0.669205
29	13	1.606975	0.446	-0.345	0.563720
29	14	1.753627	0.275	-0.376	0.466112
29	15	1.828486	0.093	-0.392	0.403197
29	16	1.828486	-0.093	-0.392	0.403197
29	17	1.753627	-0.275	-0.376	0.466112
29	18	1.606975	-0.446	-0.345	0.563720
29	19	1.394533	-0.599	-0.299	0.669205
29	20	1.124999	-0.727	-0.241	0.765732
29	21	0.809407	-0.825	-0.174	0.843125
29	22	0.460678	-0.890	-0.099	0.895097
29	23	0.093089	-0.918	-0.020	0.917996
29	24	-0.278311	-0.908	0.060	0.910321
29	25	-0.638318	-0.862	0.137	0.872571
29	26	-0.972191	-0.780	0.209	0.807285
29	27	-1.266263	-0.666	0.272	0.719338
29	28	-1.508494	-0.525	0.324	0.616733
29	29	-1.688967	-0.362	0.362	0.512506
29	30	-1.800293	-0.185	0.386	0.428292

30	0	-1.959060	0.000	0.201	0.201299
30	1	-1.918958	0.197	0.197	0.278852
30	2	-1.800293	0.386	0.185	0.428292
30	3	-1.607925	0.560	0.165	0.583456
30	4	-1.349727	0.710	0.139	0.723376
30	5	-1.036272	0.831	0.106	0.838064
30	6	-0.680392	0.919	0.070	0.921213
30	7	-0.296656	0.968	0.030	0.968714
30	8	0.099225	0.978	-0.010	0.978326
30	9	0.491043	0.948	-0.050	0.949602
30	10	0.862759	0.879	-0.089	0.883883
30	11	1.199152	0.775	-0.123	0.784327
30	12	1.486453	0.638	-0.153	0.656066
30	13	1.712897	0.475	-0.176	0.506905
30	14	1.869216	0.293	-0.192	0.350537
30	15	1.949009	0.099	-0.200	0.223443
30	16	1.949009	-0.099	-0.200	0.223443
30	17	1.869216	-0.293	-0.192	0.350537
30	18	1.712897	-0.475	-0.176	0.506905
30	19	1.486453	-0.638	-0.153	0.656066
30	20	1.199152	-0.775	-0.123	0.784327
30	21	0.862759	-0.879	-0.089	0.883883
30	22	0.491043	-0.948	-0.050	0.949602
30	23	0.099225	-0.978	-0.010	0.978326
30	24	-0.296656	-0.968	0.030	0.968714
30	25	-0.680392	-0.919	0.070	0.921213
30	26	-1.036272	-0.831	0.106	0.838064
30	27	-1.349727	-0.710	0.139	0.723376
30	28	-1.607925	-0.560	0.165	0.583456
30	29	-1.800293	-0.386	0.185	0.428292
30	30	-1.918958	-0.197	0.197	0.278852

